4187.0,2.0,2.0,2.0,2.0,9.0,17.0,65.0,129.0,58.0,50.0,58.0,123.0,65.0,65.0,9.0,8.0,2.0,2.0,2.0,2.0,2.0,2.0,2.0,2.0,2.0,0.0
4187.0,2.0,2.0,2.0,2.0,9.0,17.0,65.0,129.0,58.0,58.0,58.0,123.0,65.0,65.0,9.0,9.0,2.0,2.0,2.0,2.0,2.0,2.0,2.0,2.0,2.0,0.0
4187.0,2.0,2.0,2.0,2.0,9.0,9.0,65.0,65.0,58.0,58.0,58.0,58.0,65.0,65.0,9.0,9.0,2.0,2.0,2.0,2.0,2.0,2.0,2.0,2.0,2.0,0.0
4187.0,2.0,2.0,2.0,2.0,9.0,9.0,65.0,65.0,58.0,58.0,58.0,62.0,65.0,65.0,9.0,9.0,2.0,2.0,2.0,2.0,2.0,2.0,2.0,2.0,2.0,0.0
4187.0,2.0,2.0,2.0,2.0,9.0,9.0,65.0,65.0,58.0,26.0,58.0,62.0,65.0,33.0,9.0,5.0,2.0,2.0,2.0,2.0,2.0,2.0,2.0,2.0,2.0,0.0
4187.0,2.0,2.0,2.0,2.0,9.0,9.0,65.0,65.0,62.0,26.0,58.0,62.0,65.0,33.0,9.0,5.0,2.0,2.0,2.0,2.0,2.0,2.0,2.0,2.0,2.0,-1.0
3914.0,2.0,2.0,2.0,2.0,5.0,9.0,33.0,65.0,62.0,26.0,26.0,62.0,65.0,33.0,9.0,5.0,2.0,2.0,2.0,2.0,2.0,2.0,2.0,2.0,2.0,0.0
3914.0,2.0,2.0,2.0,2.0,5.0,9.0,33.0,65.0,62.0,26.0,30.0,62.0,65.0,33.0,9.0,5.0,2.0,2.0,2.0,2.0,2.0,2.0,2.0,2.0,2.0,0.0
3914.0,2.0,2.0,2.0,2.0,5.0,9.0,33.0,65.0,30.0,26.0,30.0,62.0,33.0,33.0,5.0,5.0,2.0,2.0,2.0,2.0,2.0,2.0,2.0,2.0,2.0,0.0
3914.0,2.0,2.0,2.0,2.0,5.0,9.0,33.0,65.0,30.0,30.0,30.0,62.0,33.0,33.0,5.0,5.0,2.0,2.0,2.0,2.0,2.0,2.0,2.0,2.0,2.0,-1.0
3641.0,2.0,2.0,2.0,2.0,5.0,5.0,33.0,33.0,30.0,30.0,30.0,30.0,33.0,33.0,5.0,5.0,2.0,2.0,2.0,2.0,2.0,2.0,2.0,2.0,2.0,0.0
3641.0,2.0,2.0,2.0,2.0,5.0,5.0,33.0,33.0,30.0,30.0,30.0,32.0,33.0,33.0,5.0,5.0,2.0,2.0,2.0,2.0,2.0,2.0,2.0,2.0,2.0,0.0
3641.0,2.0,2.0,2.0,2.0,5.0,5.0,33.0,33.0,30.0,14.0,30.0,32.0,33.0,17.0,5.0,3.0,2.0,2.0,2.0,2.0,2.0,2.0,2.0,2.0,2.0,0.0
3641.0,2.0,2.0,2.0,2.0,3.0,5.0,17.0,33.0,32.0,14.0,14.0,32.0,33.0,17.0,5.0,3.0,2.0,2.0,2.0,2.0,2.0,2.0,2.0,2.0,2.0,0.0
3368.0,2.0,2.0,2.0,2.0,3.0,3.0,17.0,17.0,16.0,16.0,16.0,16.0,17.0,17.0,3.0,3.0,2.0,2.0,2.0,2.0,2.0,2.0,2.0,2.0,2.0,-1.0
3095.0,2.0,2.0,2.0,2.0,3.0,3.0,17.0,17.0,16.0,16.0,16.0,16.0,17.0,17.0,3.0,3.0,2.0,2.0,2.0,2.0,2.0,2.0,2.0,2.0,2.0,-1.0
2822.0,2.0,2.0,2.0,2.0,3.0,3.0,17.0,17.0,16.0,16.0,16.0,16.0,17.0,17.0,3.0,3.0,2.0,2.0,2.0,2.0,2.0,2.0,2.0,2.0,2.0,-1.0
2549.0,2.0,2.0,2.0,2.0,3.0,3.0,17.0,17.0,16.0,8.0,16.0,17.0,17.0,9.0,3.0,2.0,2.0,2.0,2.0,2.0,2.0,2.0,2.0,2.0,2.0,-1.0
2276.0,2.0,2.0,2.0,2.0,3.0,3.0,17.0,17.0,16.0,8.0,16.0,17.0,17.0,9.0,3.0,2.0,2.0,2.0,2.0,2.0,2.0,2.0,2.0,2.0,2.0,-1.0
2003.0,2.0,2.0,2.0,2.0,2.0,3.0,9.0,17.0,17.0,8.0,8.0,17.0,17.0,9.0,3.0,2.0,2.0,2.0,2.0,2.0,2.0,2.0,2.0,2.0,2.0,-1.0
1730.0,2.0,2.0,2.0,2.0,2.0,3.0,9.0,17.0,17.0,8.0,8.0,17.0,17.0,9.0,3.0,2.0,2.0,2.0,2.0,2.0,2.0,2.0,2.0,2.0,2.0,-1.0
1457.0,2.0,2.0,2.0,2.0,2.0,3.0,9.0,17.0,17.0,8.0,8.0,17.0,17.0,9.0,3.0,2.0,2.0,2.0,2.0,2.0,2.0,2.0,2.0,2.0,2.0,-1.0
1184.0,2.0,2.0,2.0,2.0,2.0,3.0,9.0,17.0,17.0,9.0,8.0,17.0,17.0,9.0,3.0,2.0,2.0,2.0,2.0,2.0,2.0,2.0,2.0,2.0,2.0,-1.0
911.0,2.0,2.0,2.0,2.0,2.0,2.0,9.0,9.0,17.0,9.0,8.0,9.0,17.0,9.0,3.0,2.0,2.0,2.0,2.0,2.0,2.0,2.0,2.0,2.0,2.0,-1.0
638.0,2.0,2.0,2.0,2.0,2.0,2.0,9.0,9.0,17.0,9.0,9.0,9.0,17.0,9.0,3.0,2.0,2.0,2.0,2.0,2.0,2.0,2.0,2.0,2.0,2.0,-1.0
365.0,2.0,2.0,2.0,2.0,2.0,2.0,9.0,9.0,9.0,9.0,9.0,9.0,9.0,9.0,2.0,2.0,2.0,2.0,2.0,2.0,2.0,2.0,2.0,2.0,2.0,-1.0
92.0,2.0,2.0,2.0,2.0,2.0,2.0,5.0,9.0,9.0,9.0,5.0,9.0,9.0,9.0,5.0,2.0,2.0,2.0,2.0,2.0,2.0,2.0,2.0,2.0,2.0,-1.0
8009.0,2.0,2.0,2.0,2.0,2.0,19.0,65.0,65.0,125.0,242.0,242.0,243.0,65.0,65.0,61.0,2.0,2.0,2.0,2.0,2.0,2.0,2.0,2.0,2.0,2.0,-1.0
7736.0,2.0,2.0,2.0,2.0,2.0,19.0,65.0,65.0,125.0,242.0,242.0,243.0,65.0,65.0,61.0,2.0,2.0,2.0,2.0,2.0,2.0,2.0,2.0,2.0,2.0,-1.0
7463.0,2.0,2.0,2.0,2.0,2.0,27.0,65.0,65.0,123.0,242.0,242.0,123.0,65.0,65.0,27.0,2.0,2.0,2.0,2.0,2.0,2.0,2.0,2.0,2.0,2.0,-1.0
6917.0,2.0,2.0,2.0,2.0,2.0,27.0,65.0,65.0,123.0,242.0,242.0,123.0,65.0,65.0,27.0,2.0,2.0,2.0,2.0,2.0,2.0,2.0,2.0,2.0,2.0,0.0
6917.0,2.0,2.0,2.0,2.0,2.0,31.0,65.0,65.0,122.0,242.0,242.0,63.0,65.0,65.0,10.0,2.0,2.0,2.0,2.0,2.0,2.0,2.0,2.0,2.0,2.0,0.0
6917.0,2.0,2.0,2.0,2.0,2.0,31.0,65.0,65.0,122.0,250.0,250.0,63.0,65.0,65.0,10.0,2.0,2.0,2.0,2.0,2.0,2.0,2.0,2.0,2.0,2.0,0.0
6917.0,2.0,2.0,2.0,2.0,2.0,31.0,33.0,33.0,122.0,122.0,122.0,63.0,33.0,33.0,10.0,2.0,2.0,2.0,2.0,2.0,2.0,2.0,2.0,2.0,2.0,0.0
6917.0,2.0,2.0,2.0,2.0,2.0,33.0,33.0,33.0,122.0,122.0,122.0,65.0,33.0,33.0,10.0,2.0,2.0,2.0,2.0,2.0,2.0,2.0,2.0,2.0,2.0,0.0
6917.0,2.0,2.0,2.0,2.0,2.0,33.0,33.0,33.0,122.0,122.0,122.0,33.0,33.0,33.0,2.0,2.0,2.0,2.0,2.0,2.0,2.0,2.0,2.0,2.0,2.0,-1.0
6644.0,2.0,2.0,2.0,2.0,2.0,33.0,33.0,33.0,122.0,122.0,122.0,33.0,33.0,33.0,2.0,2.0,2.0,2.0,2.0,2.0,2.0,2.0,2.0,2.0,2.0,-1.0
6371.0,2.0,2.0,2.0,2.0,2.0,33.0,33.0,33.0,122.0,122.0,122.0,33.0,33.0,33.0,2.0,2.0,2.0,2.0,2.0,2.0,2.0,2.0,2.0,2.0,2.0,-1.0
6098.0,2.0,2.0,2.0,2.0,2.0,33.0,33.0,33.0,122.0,122.0,122.0,33.0,33.0,33.0,2.0,2.0,2.0,2.0,2.0,2.0,2.0,2.0,2.0,2.0,2.0,-1.0
5825.0,2.0,2.0,2.0,2.0,2.0,33.0,33.0,33.0,122.0,122.0,122.0,33.0,33.0,33.0,2.0,2.0,2.0,2.0,2.0,2.0,2.0,2.0,2.0,2.0,2.0,-1.0
5552.0,2.0,2.0,2.0,2.0,6.0,33.0,33.0,33.0,122.0,122.0,126.0,33.0,33.0,33.0,2.0,2.0,2.0,2.0,2.0,2.0,2.0,2.0,2.0,2.0,2.0,-1.0
5279.0,2.0,2.0,2.0,2.0,6.0,33.0,33.0,32.0,122.0,122.0,62.0,33.0,33.0,16.0,2.0,2.0,2.0,2.0,2.0,2.0,2.0,2.0,2.0,2.0,2.0,-1.0
5006.0,2.0,2.0,2.0,2.0,6.0,33.0,33.0,32.0,126.0,126.0,62.0,33.0,33.0,16.0,2.0,2.0,2.0,2.0,2.0,2.0,2.0,2.0,2.0,2.0,2.0,-1.0
4733.0,2.0,2.0,2.0,2.0,6.0,17.0,17.0,32.0,62.0,62.0,62.0,17.0,17.0,16.0,2.0,2.0,2.0,2.0,2.0,2.0,2.0,2.0,2.0,2.0,2.0,-1.0
4460.0,2.0,2.0,2.0,2.0,6.0,17.0,17.0,33.0,62.0,62.0,62.0,17.0,17.0,17.0,2.0,2.0,2.0,2.0,2.0,2.0,2.0,2.0,2.0,2.0,2.0,-1.0
4187.0,2.0,2.0,2.0,2.0,2.0,17.0,17.0,17.0,62.0,62.0,62.0,17.0,17.0,17.0,2.0,2.0,2.0,2.0,2.0,2.0,2.0,2.0,2.0,2.0,2.0,-1.0
3914.0,2.0,2.0,2.0,2.0,2.0,17.0,17.0,17.0,62.0,62.0,62.0,17.0,17.0,17.0,2.0,2.0,2.0,2.0,2.0,2.0,2.0,2.0,2.0,2.0,2.0,0.0
3368.0,2.0,2.0,2.0,2.0,2.0,17.0,17.0,17.0,62.0,62.0,62.0,17.0,17.0,17.0,2.0,2.0,2.0,2.0,2.0,2.0,2.0,2.0,2.0,2.0,2.0,0.0
3368.0,2.0,2.0,2.0,2.0,4.0,17.0,17.0,17.0,62.0,62.0,64.0,17.0,17.0,17.0,2.0,2.0,2.0,2.0,2.0,2.0,2.0,2.0,2.0,2.0,2.0,0.0
3368.0,2.0,2.0,2.0,2.0,4.0,17.0,17.0,17.0,62.0,62.0,32.0,17.0,17.0,9.0,2.0,2.0,2.0,2.0,2.0,2.0,2.0,2.0,2.0,2.0,2.0,0.0
3368.0,2.0,2.0,2.0,2.0,4.0,17.0,17.0,17.0,64.0,64.0,64.0,17.0,17.0,17.0,4.0,2.0,2.0,2.0,2.0,2.0,2.0,2.0,2.0,2.0,2.0,0.0
3368.0,2.0,2.0,2.0,2.0,2.0,9.0,9.0,9.0,32.0,32.0,32.0,9.0,9.0,9.0,2.0,2.0,2.0,2.0,2.0,2.0,2.0,2.0,2.0,2.0,2.0,0.0
3095.0,2.0,2.0,2.0,2.0,2.0,9.0,9.0,9.0,32.0,32.0,32.0,9.0,9.0,9.0,2.0,2.0,2.0,2.0,2.0,2.0,2.0,2.0,2.0,2.0,2.0,-1.0
2822.0,2.0,2.0,2.0,2.0,2.0,9.0,9.0,9.0,32.0,32.0,32.0,9.0,9.0,9.0,2.0,2.0,2.0,2.0,2.0,2.0,2.0,2.0,2.0,2.0,2.0,-1.0
2549.0,2.0,2.0,2.0,2.0,2.0,9.0,9.0,9.0,32.0,32.0,32.0,9.0,9.0,9.0,2.0,2.0,2.0,2.0,2.0,2.0,2.0,2.0,2.0,2.0,2.0,-1.0
2276.0,2.0,2.0,2.0,2.0,2.0,9.0,9.0,9.0,32.0,32.0,32.0,9.0,9.0,9.0,2.0,2.0,2.0,2.0,2.0,2.0,2.0,2.0,2.0,2.0,2.0,-1.0
2003.0,2.0,2.0,2.0,2.0,2.0,9.0,9.0,9.0,32.0,32.0,32.0,9.0,9.0,9.0,2.0,2.0,2.0,2.0,2.0,2.0,2.0,2.0,2.0,2.0,2.0,-1.0
1730.0,2.0,2.0,2.0,2.0,2.0,5.0,9.0,9.0,17.0,33.0,33.0,9.0,9.0,9.0,3.0,2.0,2.0,2.0,2.0,2.0,2.0,2.0,2.0,2.0,2.0,-1.0
1457.0,2.0,2.0,2.0,2.0,2.0,5.0,5.0,5.0,17.0,17.0,17.0,9.0,5.0,5.0,3.0,2.0,2.0,2.0,2.0,2.0,2.0,2.0,2.0,2.0,2.0,-1.0
1184.0,2.0,2.0,2.0,2.0,2.0,5.0,5.0,5.0,17.0,17.0,17.0,9.0,5.0,5.0,3.0,2.0,2.0,2.0,2.0,2.0,2.0,2.0,2.0,2.0,2.0,-1.0
911.0,2.0,2.0,2.0,2.0,2.0,3.0,5.0,5.0,9.0,17.0,17.0,9.0,5.0,5.0,3.0,2.0,2.0,2.0,2.0,2.0,2.0,2.0,2.0,2.0,2.0,-1.0
638.0,2.0,2.0,2.0,2.0,2.0,3.0,5.0,5.0,9.0,17.0,17.0,9.0,5.0,5.0,3.0,2.0,2.0,2.0,2.0,2.0,2.0,2.0,2.0,2.0,2.0,-1.0
365.0,2.0,2.0,2.0,2.0,2.0,3.0,5.0,5.0,9.0,17.0,17.0,9.0,5.0,5.0,3.0,2.0,2.0,2.0,2.0,2.0,2.0,2.0,2.0,2.0,2.0,-1.0
92.0,2.0,2.0,2.0,2.0,2.0,3.0,5.0,5.0,9.0,17.0,17.0,9.0,5.0,5.0,3.0,2.0,2.0,2.0,2.0,2.0,2.0,2.0,2.0,2.0,2.0,-1.0
8009.0,2.0,2.0,2.0,2.0,16.0,32.0,129.0,257.0,115.0,99.0,115.0,245.0,129.0,129.0,16.0,14.0,2.0,2.0,2.0,2.0,2.0,2.0,2.0,2.0,2.0,-1.0
7736.0,2.0,2.0,2.0,2.0,16.0,32.0,129.0,257.0,115.0,115.0,115.0,245.0,129.0,129.0,16.0,16.0,2.0,2.0,2.0,2.0,2.0,2.0,2.0,2.0,2.0,-1.0
7463.0,2.0,2.0,2.0,2.0,16.0,16.0,129.0,129.0,115.0,115.0,115.0,115.0,129.0,129.0,16.0,16.0,2.0,2.0,2.0,2.0,2.0,2.0,2.0,2.0,2.0,0.0
7463.0,2.0,2.0,2.0,2.0,16.0,17.0,129.0,129.0,115.0,50.0,115.0,123.0,129.0,65.0,16.0,8.0,2.0,2.0,2.0,2.0,2.0,2.0,2.0,2.0,2.0,-1.0
7190.0,2.0,2.0,2.0,8.0,16.0,65.0,129.0,129.0,115.0,50.0,115.0,129.0,129.0,65.0,16.0,8.0,2.0,2.0,2.0,2.0,2.0,2.0,2.0,2.0,2.0,0.0
7190.0,2.0,2.0,2.0,8.0,16.0,65.0,129.0,123.0,115.0,50.0,115.0,129.0,129.0,17.0,16.0,2.0,2.0,2.0,2.0,2.0,2.0,2.0,2.0,2.0,2.0,0.0
7190.0,2.0,2.0,2.0,8.0,17.0,65.0,129.0,123.0,50.0,50.0,123.0,129.0,65.0,17.0,8.0,2.0,2.0,2.0,2.0,2.0,2.0,2.0,2.0,2.0,2.0,0.0
7190.0,2.0,2.0,2.0,8.0,17.0,65.0,129.0,123.0,58.0,50.0,123.0,129.0,65.0,17.0,9.0,2.0,2.0,2.0,2.0,2.0,2.0,2.0,2.0,2.0,2.0,0.0
7190.0,2.0,2.0,2.0,9.0,9.0,65.0,65.0,123.0,58.0,58.0,58.0,129.0,65.0,17.0,9.0,2.0,2.0,2.0,2.0,2.0,2.0,2.0,2.0,2.0,2.0,0.0
7190.0,2.0,2.0,2.0,9.0,9.0,65.0,65.0,58.0,58.0,58.0,58.0,65.0,65.0,9.0,9.0,2.0,2.0,2.0,2.0,2.0,2.0,2.0,2.0,2.0,2.0,-1.0
6917.0,2.0,2.0,2.0,9.0,9.0,65.0,65.0,58.0,58.0,58.0,58.0,65.0,65.0,9.0,9.0,2.0,2.0,2.0,2.0,2.0,2.0,2.0,2.0,2.0,2.0,-1.0
6644.0,2.0,2.0,2.0,9.0,9.0,65.0,65.0,58.0,58.0,58.0,58.0,65.0,65.0,9.0,9.0,2.0,2.0,2.0,2.0,2.0,2.0,2.0,2.0,2.0,2.0,-1.0
6371.0,2.0,2.0,2.0,9.0,9.0,65.0,65.0,58.0,58.0,58.0,62.0,65.0,65.0,9.0,9.0,2.0,2.0,2.0,2.0,2.0,2.0,2.0,2.0,2.0,2.0,-1.0
6098.0,2.0,2.0,2.0,9.0,9.0,65.0,65.0,62.0,26.0,58.0,62.0,65.0,33.0,9.0,5.0,2.0,2.0,2.0,2.0,2.0,2.0,2.0,2.0,2.0,2.0,-1.0
5825.0,2.0,2.0,2.0,5.0,9.0,33.0,65.0,62.0,26.0,26.0,62.0,65.0,33.0,9.0,5.0,2.0,2.0,2.0,2.0,2.0,2.0,2.0,2.0,2.0,2.0,-1.0
5552.0,2.0,2.0,2.0,5.0,9.0,33.0,65.0,62.0,26.0,26.0,62.0,65.0,33.0,9.0,5.0,2.0,2.0,2.0,2.0,2.0,2.0,2.0,2.0,2.0,2.0,-1.0
5279.0,2.0,2.0,2.0,5.0,9.0,33.0,65.0,62.0,26.0,26.0,62.0,65.0,33.0,9.0,5.0,2.0,2.0,2.0,2.0,2.0,2.0,2.0,2.0,2.0,2.0,-1.0
5006.0,2.0,2.0,2.0,5.0,9.0,33.0,65.0,62.0,26.0,30.0,62.0,65.0,33.0,9.0,5.0,2.0,2.0,2.0,2.0,2.0,2.0,2.0,2.0,2.0,2.0,-1.0
4733.0,2.0,2.0,2.0,5.0,9.0,33.0,65.0,30.0,30.0,30.0,62.0,33.0,33.0,5.0,5.0,2.0,2.0,2.0,2.0,2.0,2.0,2.0,2.0,2.0,2.0,-1.0
4460.0,2.0,2.0,2.0,5.0,5.0,33.0,33.0,30.0,30.0,30.0,30.0,33.0,33.0,5.0,5.0,2.0,2.0,2.0,2.0,2.0,2.0,2.0,2.0,2.0,2.0,-1.0
4187.0,2.0,2.0,2.0,5.0,5.0,33.0,33.0,30.0,30.0,30.0,30.0,33.0,33.0,5.0,5.0,2.0,2.0,2.0,2.0,2.0,2.0,2.0,2.0,2.0,2.0,-1.0
3914.0,2.0,2.0,2.0,5.0,5.0,33.0,33.0,30.0,30.0,30.0,32.0,33.0,33.0,5.0,5.0,2.0,2.0,2.0,2.0,2.0,2.0,2.0,2.0,2.0,2.0,0.0
3914.0,2.0,2.0,2.0,5.0,5.0,33.0,33.0,32.0,14.0,30.0,32.0,33.0,17.0,5.0,3.0,2.0,2.0,2.0,2.0,2.0,2.0,2.0,2.0,2.0,2.0,0.0
3914.0,2.0,2.0,2.0,3.0,5.0,17.0,33.0,32.0,14.0,14.0,32.0,33.0,17.0,5.0,3.0,2.0,2.0,2.0,2.0,2.0,2.0,2.0,2.0,2.0,2.0,0.0
3914.0,2.0,2.0,2.0,3.0,5.0,17.0,33.0,32.0,14.0,16.0,32.0,33.0,17.0,5.0,3.0,2.0,2.0,2.0,2.0,2.0,2.0,2.0,2.0,2.0,2.0,0.0
3914.0,2.0,2.0,2.0,3.0,5.0,17.0,33.0,16.0,16.0,16.0,32.0,17.0,17.0,3.0,3.0,2.0,2.0,2.0,2.0,2.0,2.0,2.0,2.0,2.0,2.0,-1.0
3641.0,2.0,2.0,2.0,3.0,3.0,17.0,17.0,16.0,16.0,16.0,16.0,17.0,17.0,3.0,3.0,2.0,2.0,2.0,2.0,2.0,2.0,2.0,2.0,2.0,2.0,-1.0
3095.0,2.0,2.0,2.0,3.0,3.0,17.0,17.0,16.0,16.0,16.0,16.0,17.0,17.0,3.0,3.0,2.0,2.0,2.0,2.0,2.0,2.0,2.0,2.0,2.0,2.0,-1.0
2822.0,2.0,2.0,2.0,3.0,3.0,17.0,17.0,16.0,16.0,16.0,17.0,17.0,17.0,3.0,3.0,2.0,2.0,2.0,2.0,2.0,2.0,2.0,2.0,2.0,2.0,-1.0
2549.0,2.0,2.0,2.0,3.0,3.0,17.0,17.0,17.0,8.0,16.0,17.0,17.0,9.0,3.0,2.0,2.0,2.0,2.0,2.0,2.0,2.0,2.0,2.0,2.0,2.0,-1.0
2276.0,2.0,2.0,2.0,2.0,3.0,9.0,17.0,17.0,8.0,8.0,17.0,17.0,9.0,3.0,2.0,2.0,2.0,2.0,2.0,2.0,2.0,2.0,2.0,2.0,2.0,-1.0
2003.0,2.0,2.0,2.0,2.0,3.0,9.0,17.0,17.0,8.0,8.0,17.0,17.0,9.0,3.0,2.0,2.0,2.0,2.0,2.0,2.0,2.0,2.0,2.0,2.0,2.0,-1.0
1730.0,2.0,2.0,2.0,2.0,3.0,9.0,17.0,17.0,8.0,8.0,17.0,17.0,9.0,3.0,2.0,2.0,2.0,2.0,2.0,2.0,2.0,2.0,2.0,2.0,2.0,-1.0
1457.0,2.0,2.0,2.0,2.0,3.0,9.0,17.0,17.0,9.0,8.0,17.0,17.0,9.0,3.0,2.0,2.0,2.0,2.0,2.0,2.0,2.0,2.0,2.0,2.0,2.0,-1.0
1184.0,2.0,2.0,2.0,2.0,2.0,9.0,9.0,17.0,9.0,8.0,9.0,17.0,9.0,3.0,2.0,2.0,2.0,2.0,2.0,2.0,2.0,2.0,2.0,2.0,2.0,-1.0
911.0,2.0,2.0,2.0,2.0,2.0,9.0,9.0,17.0,9.0,9.0,9.0,17.0,9.0,3.0,2.0,2.0,2.0,2.0,2.0,2.0,2.0,2.0,2.0,2.0,2.0,-1.0
638.0,2.0,2.0,2.0,2.0,2.0,9.0,9.0,9.0,9.0,9.0,9.0,9.0,9.0,2.0,2.0,2.0,2.0,2.0,2.0,2.0,2.0,2.0,2.0,2.0,2.0,-1.0
365.0,2.0,2.0,2.0,2.0,2.0,5.0,9.0,9.0,9.0,5.0,9.0,9.0,9.0,5.0,2.0,2.0,2.0,2.0,2.0,2.0,2.0,2.0,2.0,2.0,2.0,-1.0
92.0,2.0,2.0,2.0,2.0,2.0,2.0,9.0,9.0,9.0,5.0,9.0,9.0,9.0,5.0,2.0,2.0,2.0,2.0,2.0,2.0,2.0,2.0,2.0,2.0,2.0,-1.0
8009.0,2.0,2.0,2.0,2.0,2.0,36.0,129.0,129.0,249.0,483.0,483.0,485.0,129.0,129.0,121.0,2.0,2.0,2.0,2.0,2.0,2.0,2.0,2.0,2.0,2.0,-1.0
7736.0,2.0,2.0,2.0,2.0,2.0,53.0,129.0,129.0,245.0,483.0,483.0,245.0,129.0,129.0,53.0,2.0,2.0,2.0,2.0,2.0,2.0,2.0,2.0,2.0,2.0,-1.0
7463.0,2.0,2.0,2.0,2.0,2.0,53.0,129.0,129.0,245.0,483.0,483.0,245.0,129.0,129.0,53.0,2.0,2.0,2.0,2.0,2.0,2.0,2.0,2.0,2.0,2.0,-1.0
7190.0,2.0,2.0,2.0,2.0,2.0,53.0,129.0,129.0,245.0,483.0,483.0,245.0,129.0,129.0,53.0,2.0,2.0,2.0,2.0,2.0,2.0,2.0,2.0,2.0,2.0,-1.0
6917.0,2.0,2.0,2.0,2.0,2.0,61.0,129.0,129.0,245.0,483.0,483.0,253.0,129.0,129.0,53.0,2.0,2.0,2.0,2.0,2.0,2.0,2.0,2.0,2.0,2.0,-1.0
6644.0,2.0,2.0,2.0,2.0,2.0,61.0,129.0,129.0,243.0,483.0,483.0,125.0,129.0,129.0,19.0,2.0,2.0,2.0,2.0,2.0,2.0,2.0,2.0,2.0,2.0,-1.0
6098.0,2.0,2.0,2.0,2.0,2.0,61.0,129.0,129.0,243.0,483.0,483.0,125.0,129.0,129.0,19.0,2.0,2.0,2.0,2.0,2.0,2.0,2.0,2.0,2.0,2.0,-1.0
5825.0,2.0,2.0,2.0,2.0,2.0,61.0,129.0,129.0,243.0,499.0,499.0,125.0,129.0,129.0,19.0,2.0,2.0,2.0,2.0,2.0,2.0,2.0,2.0,2.0,2.0,-1.0
5552.0,2.0,2.0,2.0,2.0,2.0,61.0,65.0,65.0,243.0,242.0,242.0,125.0,65.0,65.0,19.0,2.0,2.0,2.0,2.0,2.0,2.0,2.0,2.0,2.0,2.0,-1.0
5279.0,2.0,2.0,2.0,2.0,2.0,61.0,65.0,65.0,243.0,242.0,242.0,125.0,65.0,65.0,19.0,2.0,2.0,2.0,2.0,2.0,2.0,2.0,2.0,2.0,2.0,-1.0
5006.0,2.0,2.0,2.0,2.0,2.0,61.0,65.0,65.0,243.0,242.0,242.0,125.0,65.0,65.0,19.0,2.0,2.0,2.0,2.0,2.0,2.0,2.0,2.0,2.0,2.0,-1.0
4733.0,2.0,2.0,2.0,2.0,2.0,65.0,65.0,65.0,243.0,242.0,242.0,129.0,65.0,65.0,19.0,2.0,2.0,2.0,2.0,2.0,2.0,2.0,2.0,2.0,2.0,-1.0
4460.0,2.0,2.0,2.0,2.0,2.0,65.0,65.0,65.0,242.0,242.0,242.0,65.0,65.0,65.0,2.0,2.0,2.0,2.0,2.0,2.0,2.0,2.0,2.0,2.0,2.0,-1.0
4187.0,2.0,2.0,2.0,2.0,2.0,65.0,65.0,65.0,250.0,242.0,242.0,65.0,65.0,65.0,10.0,2.0,2.0,2.0,2.0,2.0,2.0,2.0,2.0,2.0,2.0,0.0
4460.0,2.0,2.0,2.0,2.0,2.0,31.0,65.0,65.0,122.0,242.0,242.0,63.0,65.0,65.0,10.0,2.0,2.0,2.0,2.0,2.0,2.0,2.0,2.0,2.0,2.0,0.0
4460.0,2.0,2.0,2.0,2.0,2.0,31.0,65.0,65.0,122.0,250.0,250.0,63.0,65.0,65.0,10.0,2.0,2.0,2.0,2.0,2.0,2.0,2.0,2.0,2.0,2.0,0.0
4460.0,2.0,2.0,2.0,2.0,2.0,31.0,33.0,33.0,122.0,122.0,122.0,63.0,33.0,33.0,10.0,2.0,2.0,2.0,2.0,2.0,2.0,2.0,2.0,2.0,2.0,0.0
4460.0,2.0,2.0,2.0,2.0,2.0,33.0,33.0,33.0,122.0,122.0,122.0,65.0,33.0,33.0,10.0,2.0,2.0,2.0,2.0,2.0,2.0,2.0,2.0,2.0,2.0,0.0
4460.0,2.0,2.0,2.0,2.0,2.0,33.0,33.0,33.0,122.0,122.0,122.0,33.0,33.0,33.0,2.0,2.0,2.0,2.0,2.0,2.0,2.0,2.0,2.0,2.0,2.0,0.0
4460.0,2.0,2.0,2.0,2.0,2.0,33.0,33.0,33.0,126.0,122.0,122.0,33.0,33.0,33.0,6.0,2.0,2.0,2.0,2.0,2.0,2.0,2.0,2.0,2.0,2.0,0.0
4460.0,2.0,2.0,2.0,2.0,2.0,16.0,33.0,33.0,62.0,122.0,122.0,32.0,33.0,33.0,6.0,2.0,2.0,2.0,2.0,2.0,2.0,2.0,2.0,2.0,2.0,-1.0
4187.0,2.0,2.0,2.0,2.0,2.0,16.0,33.0,33.0,62.0,122.0,122.0,32.0,33.0,33.0,6.0,2.0,2.0,2.0,2.0,2.0,2.0,2.0,2.0,2.0,2.0,0.0
4187.0,2.0,2.0,2.0,2.0,2.0,16.0,33.0,33.0,62.0,126.0,126.0,32.0,33.0,33.0,6.0,2.0,2.0,2.0,2.0,2.0,2.0,2.0,2.0,2.0,2.0,0.0
3914.0,2.0,2.0,2.0,2.0,2.0,16.0,17.0,17.0,62.0,62.0,62.0,32.0,17.0,17.0,6.0,2.0,2.0,2.0,2.0,2.0,2.0,2.0,2.0,2.0,2.0,0.0
3914.0,2.0,2.0,2.0,2.0,2.0,17.0,17.0,17.0,62.0,62.0,62.0,33.0,17.0,17.0,6.0,2.0,2.0,2.0,2.0,2.0,2.0,2.0,2.0,2.0,2.0,0.0
3914.0,2.0,2.0,2.0,2.0,2.0,17.0,17.0,17.0,64.0,62.0,62.0,17.0,17.0,17.0,4.0,2.0,2.0,2.0,2.0,2.0,2.0,2.0,2.0,2.0,2.0,0.0
3914.0,2.0,2.0,2.0,2.0,2.0,9.0,17.0,17.0,32.0,62.0,62.0,17.0,17.0,17.0,4.0,2.0,2.0,2.0,2.0,2.0,2.0,2.0,2.0,2.0,2.0,0.0
3914.0,2.0,2.0,2.0,2.0,2.0,9.0,17.0,17.0,32.0,64.0,64.0,17.0,17.0,17.0,4.0,2.0,2.0,2.0,2.0,2.0,2.0,2.0,2.0,2.0,2.0,-1.0
3641.0,2.0,2.0,2.0,2.0,2.0,9.0,9.0,9.0,32.0,32.0,32.0,17.0,9.0,9.0,4.0,2.0,2.0,2.0,2.0,2.0,2.0,2.0,2.0,2.0,2.0,-1.0
3368.0,2.0,2.0,2.0,2.0,2.0,9.0,9.0,9.0,32.0,32.0,32.0,17.0,9.0,9.0,4.0,2.0,2.0,2.0,2.0,2.0,2.0,2.0,2.0,2.0,2.0,-1.0
3095.0,2.0,2.0,2.0,2.0,2.0,9.0,9.0,9.0,32.0,32.0,32.0,17.0,9.0,9.0,4.0,2.0,2.0,2.0,2.0,2.0,2.0,2.0,2.0,2.0,2.0,-1.0
2822.0,2.0,2.0,2.0,2.0,2.0,9.0,9.0,9.0,32.0,32.0,32.0,17.0,9.0,9.0,4.0,2.0,2.0,2.0,2.0,2.0,2.0,2.0,2.0,2.0,2.0,-1.0
2276.0,2.0,2.0,2.0,2.0,2.0,9.0,9.0,9.0,33.0,32.0,32.0,9.0,9.0,9.0,3.0,2.0,2.0,2.0,2.0,2.0,2.0,2.0,2.0,2.0,2.0,-1.0
2003.0,2.0,2.0,2.0,2.0,2.0,5.0,9.0,9.0,17.0,32.0,32.0,9.0,9.0,9.0,3.0,2.0,2.0,2.0,2.0,2.0,2.0,2.0,2.0,2.0,2.0,-1.0
1730.0,2.0,2.0,2.0,2.0,2.0,5.0,9.0,9.0,17.0,32.0,32.0,9.0,9.0,9.0,3.0,2.0,2.0,2.0,2.0,2.0,2.0,2.0,2.0,2.0,2.0,-1.0
1457.0,2.0,2.0,2.0,2.0,2.0,5.0,9.0,9.0,17.0,32.0,32.0,9.0,9.0,9.0,3.0,2.0,2.0,2.0,2.0,2.0,2.0,2.0,2.0,2.0,2.0,-1.0
1184.0,2.0,2.0,2.0,2.0,2.0,5.0,9.0,9.0,17.0,33.0,33.0,17.0,9.0,9.0,5.0,2.0,2.0,2.0,2.0,2.0,2.0,2.0,2.0,2.0,2.0,-1.0
911.0,2.0,2.0,2.0,2.0,2.0,3.0,5.0,5.0,9.0,17.0,17.0,17.0,5.0,5.0,5.0,2.0,2.0,2.0,2.0,2.0,2.0,2.0,2.0,2.0,2.0,-1.0
638.0,2.0,2.0,2.0,2.0,2.0,3.0,5.0,5.0,9.0,17.0,17.0,17.0,5.0,5.0,5.0,2.0,2.0,2.0,2.0,2.0,2.0,2.0,2.0,2.0,2.0,-1.0
365.0,2.0,2.0,2.0,2.0,2.0,3.0,5.0,5.0,9.0,17.0,17.0,17.0,5.0,5.0,5.0,2.0,2.0,2.0,2.0,2.0,2.0,2.0,2.0,2.0,2.0,0.0
365.0,2.0,2.0,2.0,2.0,2.0,2.0,3.0,5.0,5.0,9.0,17.0,17.0,5.0,5.0,5.0,2.0,2.0,2.0,2.0,2.0,2.0,2.0,2.0,2.0,2.0,0.0
92.0,2.0,2.0,2.0,2.0,2.0,2.0,2.0,3.0,3.0,5.0,9.0,9.0,5.0,3.0,3.0,2.0,2.0,2.0,2.0,2.0,2.0,2.0,2.0,2.0,2.0,-1.0
8009.0,2.0,2.0,2.0,8.0,17.0,65.0,129.0,123.0,58.0,50.0,123.0,129.0,65.0,17.0,9.0,2.0,2.0,2.0,2.0,2.0,2.0,2.0,2.0,2.0,2.0,-1.0
7736.0,2.0,2.0,2.0,8.0,9.0,65.0,65.0,123.0,58.0,50.0,58.0,129.0,65.0,17.0,9.0,2.0,2.0,2.0,2.0,2.0,2.0,2.0,2.0,2.0,2.0,-1.0
7463.0,2.0,2.0,2.0,9.0,9.0,65.0,65.0,123.0,58.0,58.0,58.0,129.0,65.0,17.0,9.0,2.0,2.0,2.0,2.0,2.0,2.0,2.0,2.0,2.0,2.0,-1.0
6371.0,2.0,2.0,2.0,9.0,9.0,65.0,65.0,58.0,26.0,58.0,62.0,65.0,33.0,9.0,5.0,2.0,2.0,2.0,2.0,2.0,2.0,2.0,2.0,2.0,2.0,-1.0
6098.0,2.0,2.0,2.0,9.0,9.0,65.0,65.0,58.0,26.0,58.0,62.0,65.0,33.0,9.0,5.0,2.0,2.0,2.0,2.0,2.0,2.0,2.0,2.0,2.0,2.0,-1.0
5006.0,2.0,2.0,2.0,5.0,9.0,33.0,65.0,30.0,26.0,30.0,62.0,33.0,33.0,5.0,5.0,2.0,2.0,2.0,2.0,2.0,2.0,2.0,2.0,2.0,2.0,-1.0
4733.0,2.0,2.0,2.0,5.0,9.0,33.0,65.0,30.0,26.0,30.0,62.0,33.0,33.0,5.0,5.0,2.0,2.0,2.0,2.0,2.0,2.0,2.0,2.0,2.0,2.0,-1.0
3641.0,2.0,2.0,2.0,5.0,5.0,33.0,33.0,30.0,14.0,30.0,32.0,33.0,17.0,5.0,3.0,2.0,2.0,2.0,2.0,2.0,2.0,2.0,2.0,2.0,2.0,-1.0
3368.0,2.0,2.0,2.0,5.0,5.0,33.0,33.0,30.0,14.0,30.0,32.0,33.0,17.0,5.0,3.0,2.0,2.0,2.0,2.0,2.0,2.0,2.0,2.0,2.0,2.0,-1.0
3095.0,2.0,2.0,2.0,3.0,5.0,17.0,33.0,32.0,14.0,14.0,32.0,33.0,17.0,5.0,3.0,2.0,2.0,2.0,2.0,2.0,2.0,2.0,2.0,2.0,2.0,-1.0
2549.0,2.0,2.0,2.0,3.0,5.0,17.0,33.0,32.0,14.0,14.0,32.0,33.0,17.0,5.0,3.0,2.0,2.0,2.0,2.0,2.0,2.0,2.0,2.0,2.0,2.0,-1.0
2276.0,2.0,2.0,2.0,3.0,5.0,17.0,33.0,16.0,14.0,16.0,32.0,17.0,17.0,3.0,3.0,2.0,2.0,2.0,2.0,2.0,2.0,2.0,2.0,2.0,2.0,-1.0
2003.0,2.0,2.0,2.0,3.0,5.0,17.0,33.0,16.0,14.0,16.0,32.0,17.0,17.0,3.0,3.0,2.0,2.0,2.0,2.0,2.0,2.0,2.0,2.0,2.0,2.0,-1.0
1730.0,2.0,2.0,2.0,3.0,3.0,17.0,17.0,16.0,16.0,16.0,16.0,17.0,17.0,3.0,3.0,2.0,2.0,2.0,2.0,2.0,2.0,2.0,2.0,2.0,2.0,-1.0
1457.0,2.0,2.0,2.0,3.0,3.0,17.0,17.0,16.0,16.0,16.0,16.0,17.0,17.0,3.0,3.0,2.0,2.0,2.0,2.0,2.0,2.0,2.0,2.0,2.0,2.0,-1.0
1184.0,2.0,2.0,2.0,3.0,3.0,17.0,17.0,16.0,16.0,16.0,16.0,17.0,17.0,3.0,3.0,2.0,2.0,2.0,2.0,2.0,2.0,2.0,2.0,2.0,2.0,-1.0
911.0,2.0,2.0,2.0,2.0,3.0,9.0,17.0,17.0,16.0,8.0,16.0,17.0,17.0,3.0,3.0,2.0,2.0,2.0,2.0,2.0,2.0,2.0,2.0,2.0,2.0,-1.0
638.0,2.0,2.0,2.0,2.0,3.0,9.0,17.0,17.0,16.0,8.0,16.0,17.0,17.0,3.0,3.0,2.0,2.0,2.0,2.0,2.0,2.0,2.0,2.0,2.0,2.0,-1.0
365.0,2.0,2.0,2.0,2.0,3.0,9.0,17.0,17.0,16.0,8.0,16.0,17.0,17.0,3.0,3.0,2.0,2.0,2.0,2.0,2.0,2.0,2.0,2.0,2.0,2.0,-1.0
92.0,2.0,2.0,2.0,2.0,3.0,9.0,17.0,17.0,17.0,8.0,17.0,17.0,17.0,9.0,3.0,2.0,2.0,2.0,2.0,2.0,2.0,2.0,2.0,2.0,2.0,-1.0
8009.0,2.0,2.0,2.0,2.0,2.0,2.0,121.0,129.0,129.0,485.0,483.0,483.0,249.0,129.0,129.0,36.0,2.0,2.0,2.0,2.0,2.0,2.0,2.0,2.0,2.0,-1.0
7736.0,2.0,2.0,2.0,2.0,2.0,2.0,121.0,129.0,129.0,485.0,483.0,483.0,249.0,129.0,129.0,36.0,2.0,2.0,2.0,2.0,2.0,2.0,2.0,2.0,2.0,-1.0
7463.0,2.0,2.0,2.0,2.0,2.0,2.0,121.0,129.0,129.0,485.0,483.0,483.0,249.0,129.0,129.0,36.0,2.0,2.0,2.0,2.0,2.0,2.0,2.0,2.0,2.0,-1.0
7190.0,2.0,2.0,2.0,2.0,2.0,2.0,129.0,129.0,129.0,483.0,483.0,483.0,129.0,129.0,129.0,2.0,2.0,2.0,2.0,2.0,2.0,2.0,2.0,2.0,2.0,-1.0
6917.0,2.0,2.0,2.0,2.0,2.0,2.0,129.0,129.0,129.0,483.0,483.0,483.0,129.0,129.0,129.0,2.0,2.0,2.0,2.0,2.0,2.0,2.0,2.0,2.0,2.0,0.0
6644.0,2.0,2.0,2.0,2.0,2.0,19.0,129.0,129.0,125.0,483.0,483.0,243.0,129.0,129.0,61.0,2.0,2.0,2.0,2.0,2.0,2.0,2.0,2.0,2.0,2.0,0.0
6644.0,2.0,2.0,2.0,2.0,2.0,19.0,129.0,129.0,125.0,499.0,499.0,243.0,129.0,129.0,61.0,2.0,2.0,2.0,2.0,2.0,2.0,2.0,2.0,2.0,2.0,0.0
6644.0,2.0,2.0,2.0,2.0,2.0,19.0,65.0,65.0,125.0,242.0,242.0,243.0,65.0,65.0,61.0,2.0,2.0,2.0,2.0,2.0,2.0,2.0,2.0,2.0,2.0,0.0
6644.0,2.0,2.0,2.0,2.0,2.0,27.0,65.0,65.0,125.0,242.0,242.0,251.0,65.0,65.0,61.0,2.0,2.0,2.0,2.0,2.0,2.0,2.0,2.0,2.0,2.0,0.0
6644.0,2.0,2.0,2.0,2.0,2.0,27.0,65.0,65.0,123.0,242.0,242.0,123.0,65.0,65.0,27.0,2.0,2.0,2.0,2.0,2.0,2.0,2.0,2.0,2.0,2.0,0.0
6371.0,2.0,2.0,2.0,2.0,2.0,27.0,65.0,65.0,123.0,242.0,242.0,123.0,65.0,65.0,27.0,2.0,2.0,2.0,2.0,2.0,2.0,2.0,2.0,2.0,2.0,-1.0
6098.0,2.0,2.0,2.0,2.0,2.0,27.0,65.0,65.0,123.0,242.0,242.0,123.0,65.0,65.0,27.0,2.0,2.0,2.0,2.0,2.0,2.0,2.0,2.0,2.0,2.0,-1.0
5825.0,2.0,2.0,2.0,2.0,2.0,27.0,65.0,65.0,123.0,242.0,242.0,123.0,65.0,65.0,27.0,2.0,2.0,2.0,2.0,2.0,2.0,2.0,2.0,2.0,2.0,-1.0
5552.0,2.0,2.0,2.0,2.0,2.0,27.0,65.0,65.0,123.0,242.0,242.0,123.0,65.0,65.0,27.0,2.0,2.0,2.0,2.0,2.0,2.0,2.0,2.0,2.0,2.0,-1.0
5279.0,2.0,2.0,2.0,2.0,2.0,31.0,65.0,65.0,127.0,250.0,250.0,127.0,65.0,65.0,31.0,2.0,2.0,2.0,2.0,2.0,2.0,2.0,2.0,2.0,2.0,-1.0
5006.0,2.0,2.0,2.0,2.0,2.0,14.0,33.0,33.0,62.0,122.0,122.0,62.0,33.0,33.0,14.0,2.0,2.0,2.0,2.0,2.0,2.0,2.0,2.0,2.0,2.0,-1.0
4733.0,2.0,2.0,2.0,2.0,2.0,14.0,33.0,33.0,62.0,122.0,122.0,62.0,33.0,33.0,14.0,2.0,2.0,2.0,2.0,2.0,2.0,2.0,2.0,2.0,2.0,-1.0
4460.0,2.0,2.0,2.0,2.0,2.0,14.0,33.0,33.0,62.0,122.0,122.0,62.0,33.0,33.0,14.0,2.0,2.0,2.0,2.0,2.0,2.0,2.0,2.0,2.0,2.0,0.0
4460.0,2.0,2.0,2.0,2.0,2.0,16.0,33.0,33.0,64.0,126.0,126.0,64.0,33.0,33.0,16.0,2.0,2.0,2.0,2.0,2.0,2.0,2.0,2.0,2.0,2.0,0.0
4460.0,2.0,2.0,2.0,2.0,2.0,16.0,17.0,17.0,64.0,62.0,62.0,32.0,17.0,17.0,8.0,2.0,2.0,2.0,2.0,2.0,2.0,2.0,2.0,2.0,2.0,0.0
4187.0,2.0,2.0,2.0,2.0,2.0,8.0,17.0,17.0,32.0,62.0,62.0,32.0,17.0,17.0,8.0,2.0,2.0,2.0,2.0,2.0,2.0,2.0,2.0,2.0,2.0,0.0
4187.0,2.0,2.0,2.0,2.0,2.0,9.0,17.0,17.0,32.0,62.0,62.0,33.0,17.0,17.0,8.0,2.0,2.0,2.0,2.0,2.0,2.0,2.0,2.0,2.0,2.0,0.0
4187.0,2.0,2.0,2.0,2.0,2.0,9.0,17.0,17.0,32.0,62.0,62.0,17.0,17.0,17.0,4.0,2.0,2.0,2.0,2.0,2.0,2.0,2.0,2.0,2.0,2.0,0.0
4187.0,2.0,2.0,2.0,2.0,2.0,9.0,17.0,17.0,32.0,64.0,64.0,17.0,17.0,17.0,4.0,2.0,2.0,2.0,2.0,2.0,2.0,2.0,2.0,2.0,2.0,-1.0
3914.0,2.0,2.0,2.0,2.0,2.0,9.0,9.0,9.0,32.0,32.0,32.0,17.0,9.0,9.0,4.0,2.0,2.0,2.0,2.0,2.0,2.0,2.0,2.0,2.0,2.0,-1.0
3641.0,2.0,2.0,2.0,2.0,2.0,9.0,9.0,9.0,33.0,32.0,32.0,17.0,9.0,9.0,5.0,2.0,2.0,2.0,2.0,2.0,2.0,2.0,2.0,2.0,2.0,-1.0
3368.0,2.0,2.0,2.0,2.0,2.0,5.0,9.0,9.0,17.0,32.0,32.0,17.0,9.0,9.0,5.0,2.0,2.0,2.0,2.0,2.0,2.0,2.0,2.0,2.0,2.0,-1.0
3095.0,2.0,2.0,2.0,2.0,2.0,5.0,9.0,9.0,17.0,32.0,32.0,17.0,9.0,9.0,5.0,2.0,2.0,2.0,2.0,2.0,2.0,2.0,2.0,2.0,2.0,-1.0
2822.0,2.0,2.0,2.0,2.0,2.0,5.0,9.0,9.0,17.0,32.0,32.0,17.0,9.0,9.0,5.0,2.0,2.0,2.0,2.0,2.0,2.0,2.0,2.0,2.0,2.0,-1.0
2549.0,2.0,2.0,2.0,2.0,2.0,5.0,9.0,9.0,17.0,32.0,32.0,17.0,9.0,9.0,5.0,2.0,2.0,2.0,2.0,2.0,2.0,2.0,2.0,2.0,2.0,-1.0
2276.0,2.0,2.0,2.0,2.0,2.0,5.0,9.0,9.0,17.0,32.0,32.0,17.0,9.0,9.0,5.0,2.0,2.0,2.0,2.0,2.0,2.0,2.0,2.0,2.0,2.0,-1.0
2003.0,2.0,2.0,2.0,2.0,2.0,5.0,9.0,9.0,17.0,32.0,32.0,17.0,9.0,9.0,5.0,2.0,2.0,2.0,2.0,2.0,2.0,2.0,2.0,2.0,2.0,-1.0
1730.0,2.0,2.0,2.0,2.0,2.0,5.0,9.0,9.0,17.0,32.0,32.0,17.0,9.0,9.0,5.0,2.0,2.0,2.0,2.0,2.0,2.0,2.0,2.0,2.0,2.0,0.0
1457.0,2.0,2.0,2.0,2.0,2.0,3.0,9.0,9.0,9.0,33.0,33.0,17.0,9.0,9.0,5.0,2.0,2.0,2.0,2.0,2.0,2.0,2.0,2.0,2.0,2.0,-1.0
1184.0,2.0,2.0,2.0,2.0,2.0,3.0,5.0,5.0,9.0,17.0,17.0,17.0,5.0,5.0,5.0,2.0,2.0,2.0,2.0,2.0,2.0,2.0,2.0,2.0,2.0,-1.0
638.0,2.0,2.0,2.0,2.0,2.0,2.0,5.0,5.0,5.0,17.0,17.0,17.0,5.0,5.0,5.0,2.0,2.0,2.0,2.0,2.0,2.0,2.0,2.0,2.0,2.0,-1.0
92.0,2.0,2.0,2.0,2.0,2.0,2.0,5.0,5.0,5.0,17.0,17.0,17.0,5.0,5.0,5.0,2.0,2.0,2.0,2.0,2.0,2.0,2.0,2.0,2.0,2.0,-1.0
8009.0,2.0,2.0,2.0,2.0,16.0,17.0,129.0,129.0,115.0,115.0,115.0,123.0,129.0,129.0,16.0,16.0,2.0,2.0,2.0,2.0,2.0,2.0,2.0,2.0,2.0,-1.0
7463.0,2.0,2.0,2.0,2.0,16.0,17.0,129.0,129.0,123.0,50.0,115.0,123.0,129.0,65.0,17.0,8.0,2.0,2.0,2.0,2.0,2.0,2.0,2.0,2.0,2.0,-1.0
7190.0,2.0,2.0,2.0,2.0,8.0,17.0,65.0,129.0,123.0,50.0,50.0,123.0,129.0,65.0,17.0,8.0,2.0,2.0,2.0,2.0,2.0,2.0,2.0,2.0,2.0,-1.0
6917.0,2.0,2.0,2.0,8.0,9.0,65.0,65.0,129.0,58.0,50.0,58.0,129.0,65.0,65.0,9.0,8.0,2.0,2.0,2.0,2.0,2.0,2.0,2.0,2.0,2.0,-1.0
6644.0,2.0,2.0,2.0,8.0,9.0,65.0,65.0,123.0,58.0,50.0,58.0,129.0,65.0,17.0,9.0,2.0,2.0,2.0,2.0,2.0,2.0,2.0,2.0,2.0,2.0,-1.0
6371.0,2.0,2.0,2.0,8.0,9.0,65.0,65.0,123.0,58.0,50.0,58.0,129.0,65.0,17.0,9.0,2.0,2.0,2.0,2.0,2.0,2.0,2.0,2.0,2.0,2.0,0.0
6371.0,2.0,2.0,2.0,9.0,9.0,65.0,65.0,123.0,58.0,58.0,58.0,129.0,65.0,17.0,9.0,2.0,2.0,2.0,2.0,2.0,2.0,2.0,2.0,2.0,2.0,0.0
6371.0,2.0,2.0,2.0,9.0,9.0,65.0,65.0,58.0,58.0,58.0,58.0,65.0,65.0,9.0,9.0,2.0,2.0,2.0,2.0,2.0,2.0,2.0,2.0,2.0,2.0,-1.0
6098.0,2.0,2.0,2.0,9.0,9.0,65.0,65.0,62.0,58.0,58.0,58.0,65.0,65.0,9.0,9.0,2.0,2.0,2.0,2.0,2.0,2.0,2.0,2.0,2.0,2.0,0.0
6098.0,2.0,2.0,2.0,5.0,9.0,33.0,65.0,62.0,58.0,26.0,58.0,65.0,65.0,9.0,9.0,2.0,2.0,2.0,2.0,2.0,2.0,2.0,2.0,2.0,2.0,0.0
6098.0,2.0,2.0,2.0,5.0,9.0,33.0,65.0,62.0,26.0,26.0,62.0,65.0,33.0,9.0,5.0,2.0,2.0,2.0,2.0,2.0,2.0,2.0,2.0,2.0,2.0,0.0
6098.0,2.0,2.0,2.0,5.0,5.0,33.0,33.0,30.0,30.0,30.0,30.0,33.0,33.0,5.0,5.0,2.0,2.0,2.0,2.0,2.0,2.0,2.0,2.0,2.0,2.0,-1.0
5825.0,2.0,2.0,2.0,5.0,5.0,33.0,33.0,30.0,30.0,30.0,30.0,33.0,33.0,5.0,5.0,2.0,2.0,2.0,2.0,2.0,2.0,2.0,2.0,2.0,2.0,-1.0
5552.0,2.0,2.0,2.0,5.0,5.0,33.0,33.0,30.0,30.0,30.0,30.0,33.0,33.0,5.0,5.0,2.0,2.0,2.0,2.0,2.0,2.0,2.0,2.0,2.0,2.0,-1.0
5279.0,2.0,2.0,2.0,5.0,5.0,33.0,33.0,30.0,30.0,30.0,30.0,33.0,33.0,5.0,5.0,2.0,2.0,2.0,2.0,2.0,2.0,2.0,2.0,2.0,2.0,-1.0
5006.0,2.0,2.0,2.0,5.0,5.0,33.0,33.0,30.0,30.0,30.0,30.0,33.0,33.0,5.0,5.0,2.0,2.0,2.0,2.0,2.0,2.0,2.0,2.0,2.0,2.0,-1.0
4733.0,2.0,2.0,2.0,3.0,5.0,17.0,33.0,32.0,14.0,14.0,32.0,33.0,17.0,5.0,3.0,2.0,2.0,2.0,2.0,2.0,2.0,2.0,2.0,2.0,2.0,-1.0
4460.0,2.0,2.0,2.0,3.0,5.0,17.0,33.0,32.0,14.0,14.0,32.0,33.0,17.0,5.0,3.0,2.0,2.0,2.0,2.0,2.0,2.0,2.0,2.0,2.0,2.0,-1.0
4187.0,2.0,2.0,2.0,3.0,5.0,17.0,33.0,32.0,14.0,14.0,32.0,33.0,17.0,5.0,3.0,2.0,2.0,2.0,2.0,2.0,2.0,2.0,2.0,2.0,2.0,-1.0
3641.0,2.0,2.0,2.0,3.0,5.0,17.0,33.0,32.0,14.0,14.0,32.0,33.0,17.0,5.0,3.0,2.0,2.0,2.0,2.0,2.0,2.0,2.0,2.0,2.0,2.0,-1.0
2822.0,2.0,2.0,2.0,3.0,3.0,17.0,17.0,16.0,16.0,16.0,16.0,17.0,17.0,3.0,3.0,2.0,2.0,2.0,2.0,2.0,2.0,2.0,2.0,2.0,2.0,-1.0
2549.0,2.0,2.0,2.0,3.0,3.0,17.0,17.0,16.0,16.0,16.0,16.0,17.0,17.0,3.0,3.0,2.0,2.0,2.0,2.0,2.0,2.0,2.0,2.0,2.0,2.0,0.0
2276.0,2.0,2.0,2.0,3.0,3.0,17.0,17.0,16.0,16.0,16.0,16.0,17.0,17.0,3.0,3.0,2.0,2.0,2.0,2.0,2.0,2.0,2.0,2.0,2.0,2.0,-1.0
1457.0,2.0,2.0,2.0,2.0,3.0,9.0,17.0,17.0,8.0,8.0,17.0,17.0,9.0,3.0,2.0,2.0,2.0,2.0,2.0,2.0,2.0,2.0,2.0,2.0,2.0,-1.0
1184.0,2.0,2.0,2.0,2.0,3.0,9.0,17.0,17.0,9.0,8.0,17.0,17.0,9.0,3.0,2.0,2.0,2.0,2.0,2.0,2.0,2.0,2.0,2.0,2.0,2.0,-1.0
911.0,2.0,2.0,2.0,2.0,2.0,9.0,9.0,17.0,9.0,8.0,9.0,17.0,9.0,3.0,2.0,2.0,2.0,2.0,2.0,2.0,2.0,2.0,2.0,2.0,2.0,-1.0
638.0,2.0,2.0,2.0,2.0,2.0,9.0,9.0,17.0,9.0,8.0,9.0,17.0,9.0,9.0,2.0,2.0,2.0,2.0,2.0,2.0,2.0,2.0,2.0,2.0,2.0,-1.0
365.0,2.0,2.0,2.0,2.0,2.0,3.0,9.0,17.0,9.0,8.0,9.0,17.0,9.0,9.0,2.0,2.0,2.0,2.0,2.0,2.0,2.0,2.0,2.0,2.0,2.0,-1.0
8009.0,2.0,2.0,2.0,2.0,2.0,36.0,129.0,129.0,257.0,483.0,483.0,485.0,129.0,129.0,129.0,2.0,2.0,2.0,2.0,2.0,2.0,2.0,2.0,2.0,2.0,0.0
8009.0,2.0,2.0,2.0,2.0,2.0,53.0,129.0,129.0,245.0,483.0,483.0,245.0,129.0,129.0,53.0,2.0,2.0,2.0,2.0,2.0,2.0,2.0,2.0,2.0,2.0,0.0
8009.0,2.0,2.0,2.0,2.0,2.0,61.0,129.0,129.0,245.0,483.0,483.0,253.0,129.0,129.0,53.0,2.0,2.0,2.0,2.0,2.0,2.0,2.0,2.0,2.0,2.0,0.0
8009.0,2.0,2.0,2.0,2.0,2.0,61.0,129.0,129.0,243.0,483.0,483.0,125.0,129.0,129.0,19.0,2.0,2.0,2.0,2.0,2.0,2.0,2.0,2.0,2.0,2.0,0.0
8009.0,2.0,2.0,2.0,2.0,2.0,61.0,129.0,129.0,243.0,499.0,499.0,125.0,129.0,129.0,19.0,2.0,2.0,2.0,2.0,2.0,2.0,2.0,2.0,2.0,2.0,0.0
8009.0,2.0,2.0,2.0,2.0,2.0,61.0,65.0,65.0,243.0,242.0,242.0,125.0,65.0,65.0,19.0,2.0,2.0,2.0,2.0,2.0,2.0,2.0,2.0,2.0,2.0,-1.0
7736.0,2.0,2.0,2.0,2.0,2.0,65.0,65.0,65.0,243.0,242.0,242.0,129.0,65.0,65.0,19.0,2.0,2.0,2.0,2.0,2.0,2.0,2.0,2.0,2.0,2.0,-1.0
7463.0,2.0,2.0,2.0,2.0,2.0,65.0,65.0,65.0,242.0,242.0,242.0,65.0,65.0,65.0,2.0,2.0,2.0,2.0,2.0,2.0,2.0,2.0,2.0,2.0,2.0,-1.0
7190.0,2.0,2.0,2.0,2.0,2.0,65.0,65.0,65.0,242.0,242.0,242.0,65.0,65.0,65.0,2.0,2.0,2.0,2.0,2.0,2.0,2.0,2.0,2.0,2.0,2.0,-1.0
6917.0,2.0,2.0,2.0,2.0,2.0,65.0,65.0,65.0,242.0,242.0,242.0,65.0,65.0,65.0,2.0,2.0,2.0,2.0,2.0,2.0,2.0,2.0,2.0,2.0,2.0,-1.0
6644.0,2.0,2.0,2.0,2.0,27.0,65.0,65.0,127.0,242.0,242.0,123.0,65.0,65.0,31.0,2.0,2.0,2.0,2.0,2.0,2.0,2.0,2.0,2.0,2.0,2.0,-1.0
6371.0,2.0,2.0,2.0,2.0,10.0,65.0,65.0,63.0,242.0,242.0,122.0,65.0,65.0,31.0,2.0,2.0,2.0,2.0,2.0,2.0,2.0,2.0,2.0,2.0,2.0,-1.0
6098.0,2.0,2.0,2.0,2.0,10.0,65.0,65.0,63.0,242.0,242.0,122.0,65.0,65.0,31.0,2.0,2.0,2.0,2.0,2.0,2.0,2.0,2.0,2.0,2.0,2.0,-1.0
5825.0,2.0,2.0,2.0,2.0,10.0,65.0,65.0,63.0,242.0,242.0,122.0,65.0,65.0,31.0,2.0,2.0,2.0,2.0,2.0,2.0,2.0,2.0,2.0,2.0,2.0,-1.0
5552.0,2.0,2.0,2.0,2.0,10.0,65.0,65.0,63.0,250.0,250.0,122.0,65.0,65.0,31.0,2.0,2.0,2.0,2.0,2.0,2.0,2.0,2.0,2.0,2.0,2.0,-1.0
5279.0,2.0,2.0,2.0,2.0,10.0,33.0,33.0,63.0,122.0,122.0,122.0,33.0,33.0,31.0,2.0,2.0,2.0,2.0,2.0,2.0,2.0,2.0,2.0,2.0,2.0,-1.0
5006.0,2.0,2.0,2.0,2.0,10.0,33.0,33.0,63.0,122.0,122.0,122.0,33.0,33.0,31.0,2.0,2.0,2.0,2.0,2.0,2.0,2.0,2.0,2.0,2.0,2.0,-1.0
4733.0,2.0,2.0,2.0,2.0,10.0,33.0,33.0,63.0,122.0,122.0,122.0,33.0,33.0,31.0,2.0,2.0,2.0,2.0,2.0,2.0,2.0,2.0,2.0,2.0,2.0,-1.0
4460.0,2.0,2.0,2.0,2.0,14.0,33.0,33.0,63.0,122.0,122.0,126.0,33.0,33.0,31.0,2.0,2.0,2.0,2.0,2.0,2.0,2.0,2.0,2.0,2.0,2.0,-1.0
4187.0,2.0,2.0,2.0,2.0,14.0,33.0,33.0,62.0,122.0,122.0,62.0,33.0,33.0,14.0,2.0,2.0,2.0,2.0,2.0,2.0,2.0,2.0,2.0,2.0,2.0,-1.0
3914.0,2.0,2.0,2.0,2.0,14.0,33.0,33.0,64.0,122.0,122.0,62.0,33.0,33.0,16.0,2.0,2.0,2.0,2.0,2.0,2.0,2.0,2.0,2.0,2.0,2.0,0.0
3641.0,2.0,2.0,2.0,2.0,6.0,33.0,33.0,32.0,122.0,122.0,62.0,33.0,33.0,16.0,2.0,2.0,2.0,2.0,2.0,2.0,2.0,2.0,2.0,2.0,2.0,0.0
3641.0,2.0,2.0,2.0,2.0,6.0,33.0,33.0,32.0,126.0,126.0,62.0,33.0,33.0,16.0,2.0,2.0,2.0,2.0,2.0,2.0,2.0,2.0,2.0,2.0,2.0,0.0
3641.0,2.0,2.0,2.0,2.0,6.0,17.0,17.0,32.0,62.0,62.0,62.0,17.0,17.0,16.0,2.0,2.0,2.0,2.0,2.0,2.0,2.0,2.0,2.0,2.0,2.0,0.0
3368.0,2.0,2.0,2.0,2.0,6.0,17.0,17.0,33.0,62.0,62.0,62.0,17.0,17.0,17.0,2.0,2.0,2.0,2.0,2.0,2.0,2.0,2.0,2.0,2.0,2.0,0.0
3368.0,2.0,2.0,2.0,2.0,4.0,17.0,17.0,17.0,64.0,64.0,32.0,17.0,17.0,9.0,2.0,2.0,2.0,2.0,2.0,2.0,2.0,2.0,2.0,2.0,2.0,0.0
3368.0,2.0,2.0,2.0,2.0,4.0,9.0,9.0,17.0,32.0,32.0,32.0,9.0,9.0,9.0,2.0,2.0,2.0,2.0,2.0,2.0,2.0,2.0,2.0,2.0,2.0,-1.0
3095.0,2.0,2.0,2.0,2.0,4.0,9.0,9.0,17.0,32.0,32.0,32.0,9.0,9.0,9.0,2.0,2.0,2.0,2.0,2.0,2.0,2.0,2.0,2.0,2.0,2.0,-1.0
1730.0,2.0,2.0,2.0,2.0,2.0,9.0,9.0,9.0,32.0,32.0,32.0,9.0,9.0,9.0,2.0,2.0,2.0,2.0,2.0,2.0,2.0,2.0,2.0,2.0,2.0,-1.0
1457.0,2.0,2.0,2.0,2.0,2.0,9.0,9.0,9.0,33.0,32.0,32.0,9.0,9.0,9.0,3.0,2.0,2.0,2.0,2.0,2.0,2.0,2.0,2.0,2.0,2.0,-1.0
1184.0,2.0,2.0,2.0,2.0,2.0,5.0,9.0,9.0,17.0,32.0,32.0,9.0,9.0,9.0,3.0,2.0,2.0,2.0,2.0,2.0,2.0,2.0,2.0,2.0,2.0,-1.0
911.0,2.0,2.0,2.0,2.0,2.0,5.0,9.0,9.0,17.0,33.0,33.0,9.0,9.0,9.0,3.0,2.0,2.0,2.0,2.0,2.0,2.0,2.0,2.0,2.0,2.0,-1.0
638.0,2.0,2.0,2.0,2.0,2.0,5.0,5.0,5.0,17.0,17.0,17.0,9.0,5.0,5.0,3.0,2.0,2.0,2.0,2.0,2.0,2.0,2.0,2.0,2.0,2.0,-1.0
8009.0,2.0,2.0,2.0,2.0,14.0,32.0,129.0,257.0,245.0,115.0,99.0,245.0,257.0,129.0,32.0,16.0,2.0,2.0,2.0,2.0,2.0,2.0,2.0,2.0,2.0,0.0
8009.0,2.0,2.0,2.0,2.0,16.0,16.0,129.0,129.0,115.0,115.0,115.0,115.0,129.0,129.0,16.0,16.0,2.0,2.0,2.0,2.0,2.0,2.0,2.0,2.0,2.0,0.0
7736.0,2.0,2.0,2.0,2.0,16.0,17.0,129.0,129.0,115.0,115.0,115.0,123.0,129.0,129.0,16.0,16.0,2.0,2.0,2.0,2.0,2.0,2.0,2.0,2.0,2.0,0.0
7736.0,2.0,2.0,2.0,8.0,16.0,65.0,129.0,129.0,115.0,50.0,115.0,129.0,129.0,65.0,16.0,8.0,2.0,2.0,2.0,2.0,2.0,2.0,2.0,2.0,2.0,0.0
7736.0,2.0,2.0,2.0,8.0,17.0,65.0,129.0,123.0,50.0,50.0,123.0,129.0,65.0,17.0,8.0,2.0,2.0,2.0,2.0,2.0,2.0,2.0,2.0,2.0,2.0,0.0
7736.0,2.0,2.0,2.0,8.0,17.0,65.0,129.0,123.0,58.0,50.0,123.0,129.0,65.0,17.0,9.0,2.0,2.0,2.0,2.0,2.0,2.0,2.0,2.0,2.0,2.0,0.0
7463.0,2.0,2.0,2.0,9.0,9.0,65.0,65.0,58.0,58.0,58.0,58.0,65.0,65.0,9.0,9.0,2.0,2.0,2.0,2.0,2.0,2.0,2.0,2.0,2.0,2.0,-1.0
6644.0,2.0,2.0,2.0,9.0,9.0,65.0,65.0,58.0,26.0,58.0,62.0,65.0,33.0,9.0,5.0,2.0,2.0,2.0,2.0,2.0,2.0,2.0,2.0,2.0,2.0,-1.0
5279.0,2.0,2.0,2.0,5.0,9.0,33.0,65.0,30.0,26.0,30.0,62.0,33.0,33.0,5.0,5.0,2.0,2.0,2.0,2.0,2.0,2.0,2.0,2.0,2.0,2.0,-1.0
4733.0,2.0,2.0,2.0,5.0,5.0,33.0,33.0,30.0,30.0,30.0,30.0,33.0,33.0,5.0,5.0,2.0,2.0,2.0,2.0,2.0,2.0,2.0,2.0,2.0,2.0,-1.0
3914.0,2.0,2.0,2.0,5.0,5.0,33.0,33.0,30.0,14.0,30.0,32.0,33.0,17.0,5.0,3.0,2.0,2.0,2.0,2.0,2.0,2.0,2.0,2.0,2.0,2.0,-1.0
3368.0,2.0,2.0,2.0,3.0,5.0,17.0,33.0,32.0,14.0,14.0,32.0,33.0,17.0,5.0,3.0,2.0,2.0,2.0,2.0,2.0,2.0,2.0,2.0,2.0,2.0,0.0
2822.0,2.0,2.0,2.0,3.0,5.0,17.0,33.0,32.0,14.0,16.0,32.0,33.0,17.0,5.0,3.0,2.0,2.0,2.0,2.0,2.0,2.0,2.0,2.0,2.0,2.0,0.0
2822.0,2.0,2.0,2.0,3.0,5.0,17.0,33.0,16.0,16.0,16.0,32.0,17.0,17.0,3.0,3.0,2.0,2.0,2.0,2.0,2.0,2.0,2.0,2.0,2.0,2.0,-1.0
2549.0,2.0,2.0,2.0,2.0,3.0,9.0,17.0,17.0,16.0,8.0,17.0,17.0,17.0,3.0,3.0,2.0,2.0,2.0,2.0,2.0,2.0,2.0,2.0,2.0,2.0,0.0
2276.0,2.0,2.0,2.0,2.0,2.0,9.0,9.0,17.0,9.0,8.0,9.0,17.0,9.0,3.0,2.0,2.0,2.0,2.0,2.0,2.0,2.0,2.0,2.0,2.0,2.0,-1.0
2003.0,2.0,2.0,2.0,2.0,2.0,9.0,9.0,17.0,9.0,8.0,9.0,17.0,9.0,3.0,2.0,2.0,2.0,2.0,2.0,2.0,2.0,2.0,2.0,2.0,2.0,-1.0
1730.0,2.0,2.0,2.0,2.0,2.0,9.0,9.0,17.0,9.0,9.0,9.0,17.0,9.0,3.0,2.0,2.0,2.0,2.0,2.0,2.0,2.0,2.0,2.0,2.0,2.0,-1.0
1457.0,2.0,2.0,2.0,2.0,2.0,9.0,9.0,9.0,9.0,9.0,9.0,9.0,9.0,2.0,2.0,2.0,2.0,2.0,2.0,2.0,2.0,2.0,2.0,2.0,2.0,-1.0
1184.0,2.0,2.0,2.0,2.0,2.0,5.0,9.0,9.0,9.0,5.0,9.0,9.0,9.0,5.0,2.0,2.0,2.0,2.0,2.0,2.0,2.0,2.0,2.0,2.0,2.0,-1.0
911.0,2.0,2.0,2.0,2.0,2.0,2.0,9.0,9.0,9.0,5.0,9.0,9.0,9.0,5.0,2.0,2.0,2.0,2.0,2.0,2.0,2.0,2.0,2.0,2.0,2.0,-1.0
638.0,2.0,2.0,2.0,2.0,2.0,2.0,9.0,9.0,9.0,5.0,9.0,9.0,9.0,5.0,2.0,2.0,2.0,2.0,2.0,2.0,2.0,2.0,2.0,2.0,2.0,-1.0
365.0,2.0,2.0,2.0,2.0,2.0,2.0,5.0,9.0,9.0,5.0,5.0,9.0,9.0,5.0,2.0,2.0,2.0,2.0,2.0,2.0,2.0,2.0,2.0,2.0,2.0,-1.0
92.0,2.0,2.0,2.0,2.0,2.0,2.0,5.0,9.0,9.0,5.0,5.0,9.0,9.0,5.0,2.0,2.0,2.0,2.0,2.0,2.0,2.0,2.0,2.0,2.0,2.0,-1.0
7736.0,2.0,2.0,2.0,2.0,2.0,61.0,129.0,129.0,245.0,483.0,483.0,253.0,129.0,129.0,53.0,2.0,2.0,2.0,2.0,2.0,2.0,2.0,2.0,2.0,2.0,-1.0
7463.0,2.0,2.0,2.0,2.0,2.0,61.0,129.0,129.0,243.0,483.0,483.0,125.0,129.0,129.0,19.0,2.0,2.0,2.0,2.0,2.0,2.0,2.0,2.0,2.0,2.0,-1.0
7190.0,2.0,2.0,2.0,2.0,2.0,129.0,129.0,129.0,499.0,483.0,483.0,129.0,129.0,129.0,19.0,2.0,2.0,2.0,2.0,2.0,2.0,2.0,2.0,2.0,2.0,-1.0
6917.0,2.0,2.0,2.0,2.0,2.0,129.0,129.0,129.0,483.0,483.0,483.0,129.0,129.0,129.0,2.0,2.0,2.0,2.0,2.0,2.0,2.0,2.0,2.0,2.0,2.0,-1.0
6644.0,2.0,2.0,2.0,2.0,19.0,129.0,129.0,125.0,499.0,499.0,243.0,129.0,129.0,61.0,2.0,2.0,2.0,2.0,2.0,2.0,2.0,2.0,2.0,2.0,2.0,-1.0
6371.0,2.0,2.0,2.0,2.0,19.0,65.0,65.0,125.0,242.0,242.0,243.0,65.0,65.0,61.0,2.0,2.0,2.0,2.0,2.0,2.0,2.0,2.0,2.0,2.0,2.0,-1.0
6098.0,2.0,2.0,2.0,2.0,19.0,65.0,65.0,129.0,242.0,242.0,243.0,65.0,65.0,65.0,2.0,2.0,2.0,2.0,2.0,2.0,2.0,2.0,2.0,2.0,2.0,-1.0
5825.0,2.0,2.0,2.0,2.0,2.0,65.0,65.0,65.0,242.0,242.0,242.0,65.0,65.0,65.0,2.0,2.0,2.0,2.0,2.0,2.0,2.0,2.0,2.0,2.0,2.0,-1.0
5552.0,2.0,2.0,2.0,2.0,2.0,65.0,65.0,65.0,242.0,242.0,242.0,65.0,65.0,65.0,2.0,2.0,2.0,2.0,2.0,2.0,2.0,2.0,2.0,2.0,2.0,-1.0
5279.0,2.0,2.0,2.0,2.0,2.0,65.0,65.0,65.0,242.0,242.0,242.0,65.0,65.0,65.0,2.0,2.0,2.0,2.0,2.0,2.0,2.0,2.0,2.0,2.0,2.0,-1.0
5006.0,2.0,2.0,2.0,2.0,2.0,65.0,65.0,65.0,242.0,242.0,242.0,65.0,65.0,65.0,2.0,2.0,2.0,2.0,2.0,2.0,2.0,2.0,2.0,2.0,2.0,-1.0
4733.0,2.0,2.0,2.0,2.0,2.0,65.0,65.0,65.0,242.0,242.0,242.0,65.0,65.0,65.0,2.0,2.0,2.0,2.0,2.0,2.0,2.0,2.0,2.0,2.0,2.0,-1.0
4460.0,2.0,2.0,2.0,2.0,10.0,65.0,65.0,65.0,242.0,242.0,250.0,65.0,65.0,65.0,2.0,2.0,2.0,2.0,2.0,2.0,2.0,2.0,2.0,2.0,2.0,-1.0
4187.0,2.0,2.0,2.0,2.0,10.0,65.0,65.0,63.0,242.0,242.0,122.0,65.0,65.0,31.0,2.0,2.0,2.0,2.0,2.0,2.0,2.0,2.0,2.0,2.0,2.0,-1.0
3914.0,2.0,2.0,2.0,2.0,10.0,65.0,65.0,63.0,250.0,250.0,122.0,65.0,65.0,31.0,2.0,2.0,2.0,2.0,2.0,2.0,2.0,2.0,2.0,2.0,2.0,0.0
3914.0,2.0,2.0,2.0,2.0,10.0,33.0,33.0,63.0,122.0,122.0,122.0,33.0,33.0,31.0,2.0,2.0,2.0,2.0,2.0,2.0,2.0,2.0,2.0,2.0,2.0,0.0
3914.0,2.0,2.0,2.0,2.0,10.0,33.0,33.0,65.0,122.0,122.0,122.0,33.0,33.0,33.0,2.0,2.0,2.0,2.0,2.0,2.0,2.0,2.0,2.0,2.0,2.0,0.0
3914.0,2.0,2.0,2.0,2.0,2.0,33.0,33.0,33.0,122.0,122.0,122.0,33.0,33.0,33.0,2.0,2.0,2.0,2.0,2.0,2.0,2.0,2.0,2.0,2.0,2.0,0.0
3914.0,2.0,2.0,2.0,2.0,6.0,33.0,33.0,33.0,122.0,122.0,126.0,33.0,33.0,33.0,2.0,2.0,2.0,2.0,2.0,2.0,2.0,2.0,2.0,2.0,2.0,0.0
3914.0,2.0,2.0,2.0,2.0,6.0,33.0,33.0,33.0,126.0,126.0,126.0,33.0,33.0,33.0,6.0,2.0,2.0,2.0,2.0,2.0,2.0,2.0,2.0,2.0,2.0,0.0
3914.0,2.0,2.0,2.0,2.0,4.0,17.0,17.0,17.0,64.0,64.0,64.0,17.0,17.0,17.0,4.0,2.0,2.0,2.0,2.0,2.0,2.0,2.0,2.0,2.0,2.0,0.0
3914.0,2.0,2.0,2.0,2.0,2.0,9.0,9.0,9.0,32.0,32.0,32.0,9.0,9.0,9.0,2.0,2.0,2.0,2.0,2.0,2.0,2.0,2.0,2.0,2.0,2.0,-1.0
3641.0,2.0,2.0,2.0,2.0,2.0,9.0,9.0,9.0,32.0,32.0,32.0,9.0,9.0,9.0,2.0,2.0,2.0,2.0,2.0,2.0,2.0,2.0,2.0,2.0,2.0,0.0
3641.0,2.0,2.0,2.0,2.0,2.0,9.0,9.0,9.0,33.0,32.0,32.0,9.0,9.0,9.0,3.0,2.0,2.0,2.0,2.0,2.0,2.0,2.0,2.0,2.0,2.0,0.0
3641.0,2.0,2.0,2.0,2.0,2.0,5.0,9.0,9.0,17.0,32.0,32.0,9.0,9.0,9.0,3.0,2.0,2.0,2.0,2.0,2.0,2.0,2.0,2.0,2.0,2.0,-1.0
3368.0,2.0,2.0,2.0,2.0,2.0,5.0,9.0,9.0,17.0,33.0,33.0,9.0,9.0,9.0,3.0,2.0,2.0,2.0,2.0,2.0,2.0,2.0,2.0,2.0,2.0,-1.0
3095.0,2.0,2.0,2.0,2.0,2.0,5.0,5.0,5.0,17.0,17.0,17.0,9.0,5.0,5.0,3.0,2.0,2.0,2.0,2.0,2.0,2.0,2.0,2.0,2.0,2.0,-1.0
2822.0,2.0,2.0,2.0,2.0,2.0,5.0,5.0,5.0,17.0,17.0,17.0,9.0,5.0,5.0,3.0,2.0,2.0,2.0,2.0,2.0,2.0,2.0,2.0,2.0,2.0,-1.0
2549.0,2.0,2.0,2.0,2.0,2.0,5.0,5.0,5.0,17.0,17.0,17.0,5.0,5.0,5.0,2.0,2.0,2.0,2.0,2.0,2.0,2.0,2.0,2.0,2.0,2.0,-1.0
2276.0,2.0,2.0,2.0,2.0,2.0,5.0,5.0,5.0,17.0,17.0,17.0,5.0,5.0,5.0,2.0,2.0,2.0,2.0,2.0,2.0,2.0,2.0,2.0,2.0,2.0,-1.0
2003.0,2.0,2.0,2.0,2.0,2.0,5.0,5.0,5.0,17.0,17.0,17.0,5.0,5.0,5.0,2.0,2.0,2.0,2.0,2.0,2.0,2.0,2.0,2.0,2.0,2.0,-1.0
1730.0,2.0,2.0,2.0,2.0,2.0,5.0,5.0,5.0,17.0,17.0,17.0,5.0,5.0,5.0,2.0,2.0,2.0,2.0,2.0,2.0,2.0,2.0,2.0,2.0,2.0,-1.0
1457.0,2.0,2.0,2.0,2.0,2.0,3.0,5.0,5.0,9.0,17.0,17.0,5.0,5.0,5.0,2.0,2.0,2.0,2.0,2.0,2.0,2.0,2.0,2.0,2.0,2.0,-1.0
1184.0,2.0,2.0,2.0,2.0,2.0,3.0,5.0,5.0,9.0,17.0,17.0,9.0,5.0,5.0,3.0,2.0,2.0,2.0,2.0,2.0,2.0,2.0,2.0,2.0,2.0,-1.0
638.0,2.0,2.0,2.0,2.0,2.0,2.0,5.0,5.0,5.0,17.0,17.0,9.0,5.0,5.0,3.0,2.0,2.0,2.0,2.0,2.0,2.0,2.0,2.0,2.0,2.0,-1.0
365.0,2.0,2.0,2.0,2.0,2.0,2.0,3.0,3.0,5.0,9.0,9.0,9.0,3.0,3.0,3.0,2.0,2.0,2.0,2.0,2.0,2.0,2.0,2.0,2.0,2.0,-1.0
92.0,2.0,2.0,2.0,2.0,2.0,2.0,3.0,3.0,5.0,9.0,9.0,9.0,3.0,3.0,3.0,2.0,2.0,2.0,2.0,2.0,2.0,2.0,2.0,2.0,2.0,-1.0
8009.0,2.0,2.0,2.0,16.0,16.0,129.0,129.0,115.0,115.0,115.0,115.0,129.0,129.0,16.0,16.0,2.0,2.0,2.0,2.0,2.0,2.0,2.0,2.0,2.0,2.0,-1.0
7736.0,2.0,2.0,2.0,16.0,16.0,129.0,129.0,115.0,115.0,115.0,115.0,129.0,129.0,16.0,16.0,2.0,2.0,2.0,2.0,2.0,2.0,2.0,2.0,2.0,2.0,-1.0
7463.0,2.0,2.0,2.0,16.0,16.0,129.0,129.0,115.0,115.0,115.0,115.0,129.0,129.0,16.0,16.0,2.0,2.0,2.0,2.0,2.0,2.0,2.0,2.0,2.0,2.0,-1.0
7190.0,2.0,2.0,2.0,16.0,17.0,129.0,129.0,115.0,115.0,115.0,123.0,129.0,129.0,16.0,16.0,2.0,2.0,2.0,2.0,2.0,2.0,2.0,2.0,2.0,2.0,-1.0
6917.0,2.0,2.0,2.0,16.0,17.0,129.0,129.0,115.0,50.0,115.0,123.0,129.0,65.0,16.0,8.0,2.0,2.0,2.0,2.0,2.0,2.0,2.0,2.0,2.0,2.0,-1.0
6644.0,2.0,2.0,2.0,16.0,17.0,129.0,129.0,123.0,50.0,115.0,123.0,129.0,65.0,17.0,8.0,2.0,2.0,2.0,2.0,2.0,2.0,2.0,2.0,2.0,2.0,-1.0
6371.0,2.0,2.0,2.0,8.0,17.0,65.0,129.0,123.0,50.0,50.0,123.0,129.0,65.0,17.0,8.0,2.0,2.0,2.0,2.0,2.0,2.0,2.0,2.0,2.0,2.0,-1.0
6098.0,2.0,2.0,2.0,9.0,17.0,65.0,129.0,123.0,50.0,58.0,123.0,129.0,65.0,17.0,8.0,2.0,2.0,2.0,2.0,2.0,2.0,2.0,2.0,2.0,2.0,-1.0
5825.0,2.0,2.0,2.0,9.0,17.0,65.0,129.0,58.0,50.0,58.0,123.0,65.0,65.0,9.0,8.0,2.0,2.0,2.0,2.0,2.0,2.0,2.0,2.0,2.0,2.0,-1.0
5552.0,2.0,2.0,2.0,9.0,17.0,65.0,129.0,58.0,50.0,58.0,123.0,65.0,65.0,9.0,8.0,2.0,2.0,2.0,2.0,2.0,2.0,2.0,2.0,2.0,2.0,-1.0
5279.0,2.0,2.0,2.0,9.0,17.0,65.0,129.0,58.0,58.0,58.0,123.0,65.0,65.0,9.0,9.0,2.0,2.0,2.0,2.0,2.0,2.0,2.0,2.0,2.0,2.0,-1.0
5006.0,2.0,2.0,2.0,9.0,9.0,65.0,65.0,58.0,58.0,58.0,58.0,65.0,65.0,9.0,9.0,2.0,2.0,2.0,2.0,2.0,2.0,2.0,2.0,2.0,2.0,-1.0
4733.0,2.0,2.0,2.0,9.0,9.0,65.0,65.0,58.0,58.0,58.0,62.0,65.0,65.0,9.0,9.0,2.0,2.0,2.0,2.0,2.0,2.0,2.0,2.0,2.0,2.0,-1.0
4460.0,2.0,2.0,2.0,9.0,9.0,65.0,65.0,58.0,26.0,58.0,62.0,65.0,33.0,9.0,5.0,2.0,2.0,2.0,2.0,2.0,2.0,2.0,2.0,2.0,2.0,-1.0
4187.0,2.0,2.0,2.0,9.0,9.0,65.0,65.0,58.0,26.0,58.0,62.0,65.0,33.0,9.0,5.0,2.0,2.0,2.0,2.0,2.0,2.0,2.0,2.0,2.0,2.0,-1.0
3914.0,2.0,2.0,2.0,9.0,9.0,65.0,65.0,62.0,26.0,58.0,62.0,65.0,33.0,9.0,5.0,2.0,2.0,2.0,2.0,2.0,2.0,2.0,2.0,2.0,2.0,-1.0
3641.0,2.0,2.0,2.0,5.0,9.0,33.0,65.0,62.0,26.0,26.0,62.0,65.0,33.0,9.0,5.0,2.0,2.0,2.0,2.0,2.0,2.0,2.0,2.0,2.0,2.0,0.0
3641.0,2.0,2.0,2.0,5.0,9.0,33.0,65.0,62.0,26.0,30.0,62.0,65.0,33.0,9.0,5.0,2.0,2.0,2.0,2.0,2.0,2.0,2.0,2.0,2.0,2.0,0.0
3641.0,2.0,2.0,2.0,5.0,9.0,33.0,65.0,30.0,26.0,30.0,62.0,33.0,33.0,5.0,5.0,2.0,2.0,2.0,2.0,2.0,2.0,2.0,2.0,2.0,2.0,0.0
3641.0,2.0,2.0,2.0,5.0,5.0,33.0,33.0,30.0,30.0,30.0,30.0,33.0,33.0,5.0,5.0,2.0,2.0,2.0,2.0,2.0,2.0,2.0,2.0,2.0,2.0,0.0
3368.0,2.0,2.0,2.0,3.0,5.0,17.0,33.0,32.0,14.0,16.0,32.0,33.0,17.0,5.0,3.0,2.0,2.0,2.0,2.0,2.0,2.0,2.0,2.0,2.0,2.0,0.0
3368.0,2.0,2.0,2.0,3.0,5.0,17.0,33.0,16.0,16.0,16.0,32.0,17.0,17.0,3.0,3.0,2.0,2.0,2.0,2.0,2.0,2.0,2.0,2.0,2.0,2.0,0.0
3095.0,2.0,2.0,2.0,3.0,3.0,17.0,17.0,16.0,16.0,16.0,17.0,17.0,17.0,3.0,3.0,2.0,2.0,2.0,2.0,2.0,2.0,2.0,2.0,2.0,2.0,-1.0
2822.0,2.0,2.0,2.0,3.0,3.0,17.0,17.0,17.0,8.0,16.0,17.0,17.0,9.0,3.0,2.0,2.0,2.0,2.0,2.0,2.0,2.0,2.0,2.0,2.0,2.0,-1.0
1457.0,2.0,2.0,2.0,2.0,2.0,9.0,9.0,17.0,9.0,9.0,9.0,17.0,9.0,3.0,2.0,2.0,2.0,2.0,2.0,2.0,2.0,2.0,2.0,2.0,2.0,-1.0
1184.0,2.0,2.0,2.0,2.0,2.0,9.0,9.0,9.0,9.0,9.0,9.0,9.0,9.0,2.0,2.0,2.0,2.0,2.0,2.0,2.0,2.0,2.0,2.0,2.0,2.0,-1.0
911.0,2.0,2.0,2.0,2.0,2.0,9.0,9.0,9.0,9.0,9.0,9.0,9.0,9.0,2.0,2.0,2.0,2.0,2.0,2.0,2.0,2.0,2.0,2.0,2.0,2.0,-1.0
638.0,2.0,2.0,2.0,2.0,2.0,5.0,9.0,9.0,9.0,5.0,9.0,9.0,9.0,2.0,2.0,2.0,2.0,2.0,2.0,2.0,2.0,2.0,2.0,2.0,2.0,-1.0
8009.0,2.0,2.0,2.0,2.0,2.0,53.0,129.0,129.0,249.0,483.0,483.0,501.0,129.0,129.0,121.0,2.0,2.0,2.0,2.0,2.0,2.0,2.0,2.0,2.0,2.0,-1.0
6917.0,2.0,2.0,2.0,2.0,2.0,129.0,129.0,129.0,499.0,483.0,483.0,129.0,129.0,129.0,19.0,2.0,2.0,2.0,2.0,2.0,2.0,2.0,2.0,2.0,2.0,-1.0
6644.0,2.0,2.0,2.0,2.0,2.0,129.0,129.0,129.0,483.0,483.0,483.0,129.0,129.0,129.0,2.0,2.0,2.0,2.0,2.0,2.0,2.0,2.0,2.0,2.0,2.0,0.0
6644.0,2.0,2.0,2.0,2.0,2.0,129.0,129.0,129.0,499.0,483.0,483.0,129.0,129.0,129.0,19.0,2.0,2.0,2.0,2.0,2.0,2.0,2.0,2.0,2.0,2.0,-1.0
6371.0,2.0,2.0,2.0,2.0,19.0,129.0,129.0,129.0,499.0,499.0,499.0,129.0,129.0,129.0,19.0,2.0,2.0,2.0,2.0,2.0,2.0,2.0,2.0,2.0,2.0,0.0
6371.0,2.0,2.0,2.0,2.0,2.0,65.0,65.0,65.0,242.0,242.0,242.0,65.0,65.0,65.0,2.0,2.0,2.0,2.0,2.0,2.0,2.0,2.0,2.0,2.0,2.0,0.0
6371.0,2.0,2.0,2.0,2.0,19.0,65.0,65.0,129.0,242.0,242.0,243.0,65.0,65.0,65.0,2.0,2.0,2.0,2.0,2.0,2.0,2.0,2.0,2.0,2.0,2.0,0.0
6371.0,2.0,2.0,2.0,2.0,27.0,65.0,65.0,127.0,242.0,242.0,123.0,65.0,65.0,31.0,2.0,2.0,2.0,2.0,2.0,2.0,2.0,2.0,2.0,2.0,2.0,-1.0
5552.0,2.0,2.0,2.0,2.0,10.0,65.0,65.0,63.0,242.0,242.0,122.0,65.0,65.0,31.0,2.0,2.0,2.0,2.0,2.0,2.0,2.0,2.0,2.0,2.0,2.0,-1.0
5279.0,2.0,2.0,2.0,2.0,10.0,65.0,65.0,63.0,250.0,250.0,122.0,65.0,65.0,31.0,2.0,2.0,2.0,2.0,2.0,2.0,2.0,2.0,2.0,2.0,2.0,-1.0
4460.0,2.0,2.0,2.0,2.0,10.0,33.0,33.0,63.0,122.0,122.0,122.0,33.0,33.0,31.0,2.0,2.0,2.0,2.0,2.0,2.0,2.0,2.0,2.0,2.0,2.0,-1.0
4187.0,2.0,2.0,2.0,2.0,14.0,33.0,33.0,63.0,122.0,122.0,126.0,33.0,33.0,31.0,2.0,2.0,2.0,2.0,2.0,2.0,2.0,2.0,2.0,2.0,2.0,-1.0
3914.0,2.0,2.0,2.0,2.0,14.0,33.0,33.0,62.0,122.0,122.0,62.0,33.0,33.0,14.0,2.0,2.0,2.0,2.0,2.0,2.0,2.0,2.0,2.0,2.0,2.0,-1.0
3641.0,2.0,2.0,2.0,2.0,14.0,33.0,33.0,64.0,122.0,122.0,62.0,33.0,33.0,16.0,2.0,2.0,2.0,2.0,2.0,2.0,2.0,2.0,2.0,2.0,2.0,-1.0
3368.0,2.0,2.0,2.0,2.0,6.0,33.0,33.0,32.0,122.0,122.0,62.0,33.0,33.0,16.0,2.0,2.0,2.0,2.0,2.0,2.0,2.0,2.0,2.0,2.0,2.0,-1.0
3095.0,2.0,2.0,2.0,2.0,6.0,33.0,33.0,32.0,122.0,122.0,62.0,33.0,33.0,16.0,2.0,2.0,2.0,2.0,2.0,2.0,2.0,2.0,2.0,2.0,2.0,-1.0
2822.0,2.0,2.0,2.0,2.0,6.0,33.0,33.0,32.0,122.0,122.0,62.0,33.0,33.0,16.0,2.0,2.0,2.0,2.0,2.0,2.0,2.0,2.0,2.0,2.0,2.0,-1.0
2549.0,2.0,2.0,2.0,2.0,6.0,33.0,33.0,32.0,126.0,126.0,62.0,33.0,33.0,16.0,2.0,2.0,2.0,2.0,2.0,2.0,2.0,2.0,2.0,2.0,2.0,-1.0
2276.0,2.0,2.0,2.0,2.0,6.0,17.0,17.0,32.0,62.0,62.0,62.0,17.0,17.0,16.0,2.0,2.0,2.0,2.0,2.0,2.0,2.0,2.0,2.0,2.0,2.0,-1.0
2003.0,2.0,2.0,2.0,2.0,6.0,17.0,17.0,32.0,62.0,62.0,62.0,17.0,17.0,16.0,2.0,2.0,2.0,2.0,2.0,2.0,2.0,2.0,2.0,2.0,2.0,0.0
2003.0,2.0,2.0,2.0,2.0,6.0,17.0,17.0,33.0,62.0,62.0,62.0,17.0,17.0,17.0,2.0,2.0,2.0,2.0,2.0,2.0,2.0,2.0,2.0,2.0,2.0,0.0
2003.0,2.0,2.0,2.0,2.0,2.0,17.0,17.0,17.0,62.0,62.0,62.0,17.0,17.0,17.0,2.0,2.0,2.0,2.0,2.0,2.0,2.0,2.0,2.0,2.0,2.0,0.0
2003.0,2.0,2.0,2.0,2.0,2.0,9.0,17.0,17.0,32.0,62.0,62.0,17.0,17.0,17.0,4.0,2.0,2.0,2.0,2.0,2.0,2.0,2.0,2.0,2.0,2.0,0.0
2003.0,2.0,2.0,2.0,2.0,2.0,9.0,17.0,17.0,32.0,64.0,64.0,17.0,17.0,17.0,4.0,2.0,2.0,2.0,2.0,2.0,2.0,2.0,2.0,2.0,2.0,0.0
2003.0,2.0,2.0,2.0,2.0,2.0,9.0,9.0,9.0,32.0,32.0,32.0,17.0,9.0,9.0,4.0,2.0,2.0,2.0,2.0,2.0,2.0,2.0,2.0,2.0,2.0,0.0
1730.0,2.0,2.0,2.0,2.0,2.0,9.0,9.0,9.0,33.0,32.0,32.0,17.0,9.0,9.0,5.0,2.0,2.0,2.0,2.0,2.0,2.0,2.0,2.0,2.0,2.0,0.0
1730.0,2.0,2.0,2.0,2.0,2.0,3.0,9.0,9.0,9.0,33.0,33.0,17.0,9.0,9.0,5.0,2.0,2.0,2.0,2.0,2.0,2.0,2.0,2.0,2.0,2.0,0.0
1730.0,2.0,2.0,2.0,2.0,2.0,3.0,5.0,5.0,9.0,17.0,17.0,17.0,5.0,5.0,5.0,2.0,2.0,2.0,2.0,2.0,2.0,2.0,2.0,2.0,2.0,-1.0
1457.0,2.0,2.0,2.0,2.0,2.0,3.0,5.0,5.0,9.0,17.0,17.0,17.0,5.0,5.0,5.0,2.0,2.0,2.0,2.0,2.0,2.0,2.0,2.0,2.0,2.0,-1.0
911.0,2.0,2.0,2.0,2.0,2.0,2.0,5.0,5.0,5.0,17.0,17.0,17.0,5.0,5.0,5.0,2.0,2.0,2.0,2.0,2.0,2.0,2.0,2.0,2.0,2.0,-1.0
92.0,2.0,2.0,2.0,2.0,2.0,2.0,3.0,5.0,5.0,9.0,17.0,17.0,5.0,5.0,5.0,2.0,2.0,2.0,2.0,2.0,2.0,2.0,2.0,2.0,2.0,-1.0
8009.0,2.0,2.0,2.0,2.0,16.0,17.0,129.0,129.0,115.0,50.0,115.0,123.0,129.0,65.0,16.0,8.0,2.0,2.0,2.0,2.0,2.0,2.0,2.0,2.0,2.0,-1.0
7463.0,2.0,2.0,2.0,8.0,17.0,65.0,129.0,129.0,123.0,50.0,123.0,129.0,129.0,65.0,17.0,8.0,2.0,2.0,2.0,2.0,2.0,2.0,2.0,2.0,2.0,-1.0
4187.0,2.0,2.0,2.0,2.0,2.0,2.0,2.0,2.0,2.0,8.0,9.0,65.0,65.0,129.0,58.0,50.0,58.0,129.0,65.0,65.0,9.0,8.0,2.0,2.0,2.0,0.0
4187.0,2.0,2.0,2.0,2.0,2.0,2.0,2.0,2.0,2.0,9.0,9.0,65.0,65.0,129.0,58.0,58.0,58.0,129.0,65.0,65.0,9.0,9.0,2.0,2.0,2.0,0.0
4187.0,2.0,2.0,2.0,2.0,2.0,2.0,2.0,2.0,2.0,5.0,9.0,33.0,65.0,65.0,58.0,26.0,58.0,65.0,65.0,33.0,9.0,5.0,2.0,2.0,2.0,0.0
4187.0,2.0,2.0,2.0,2.0,2.0,2.0,2.0,2.0,2.0,5.0,9.0,33.0,65.0,65.0,62.0,26.0,62.0,65.0,65.0,33.0,9.0,5.0,2.0,2.0,2.0,0.0
4187.0,2.0,2.0,2.0,2.0,2.0,2.0,2.0,2.0,2.0,5.0,5.0,33.0,33.0,65.0,30.0,26.0,30.0,65.0,33.0,33.0,5.0,5.0,2.0,2.0,2.0,0.0
4187.0,2.0,2.0,2.0,2.0,2.0,2.0,2.0,2.0,2.0,5.0,5.0,33.0,33.0,65.0,30.0,30.0,30.0,65.0,33.0,33.0,5.0,5.0,2.0,2.0,2.0,0.0
4187.0,2.0,2.0,2.0,2.0,2.0,2.0,2.0,2.0,2.0,3.0,5.0,17.0,33.0,33.0,30.0,14.0,30.0,33.0,33.0,17.0,5.0,3.0,2.0,2.0,2.0,0.0
4460.0,2.0,2.0,2.0,2.0,2.0,2.0,2.0,2.0,2.0,3.0,5.0,17.0,33.0,33.0,30.0,14.0,30.0,33.0,33.0,17.0,5.0,3.0,2.0,2.0,2.0,0.0
4460.0,2.0,2.0,2.0,2.0,2.0,2.0,2.0,2.0,2.0,3.0,5.0,17.0,33.0,33.0,32.0,14.0,32.0,33.0,33.0,17.0,5.0,3.0,2.0,2.0,2.0,0.0
4460.0,2.0,2.0,2.0,2.0,2.0,2.0,2.0,2.0,2.0,3.0,3.0,17.0,17.0,33.0,16.0,14.0,16.0,33.0,17.0,17.0,3.0,3.0,2.0,2.0,2.0,0.0
4460.0,2.0,2.0,2.0,2.0,2.0,2.0,2.0,2.0,2.0,3.0,3.0,17.0,17.0,33.0,16.0,16.0,16.0,33.0,17.0,17.0,3.0,3.0,2.0,2.0,2.0,1.0
4733.0,2.0,2.0,2.0,2.0,2.0,2.0,2.0,2.0,2.0,2.0,3.0,9.0,17.0,17.0,16.0,8.0,16.0,17.0,17.0,9.0,3.0,2.0,2.0,2.0,2.0,1.0
5006.0,2.0,2.0,2.0,2.0,2.0,2.0,2.0,2.0,2.0,2.0,3.0,9.0,17.0,17.0,16.0,8.0,16.0,17.0,17.0,9.0,3.0,2.0,2.0,2.0,2.0,1.0
5279.0,2.0,2.0,2.0,2.0,2.0,2.0,2.0,2.0,2.0,2.0,3.0,9.0,17.0,17.0,16.0,8.0,16.0,17.0,17.0,9.0,3.0,2.0,2.0,2.0,2.0,1.0
5552.0,2.0,2.0,2.0,2.0,2.0,2.0,2.0,2.0,2.0,2.0,3.0,9.0,17.0,17.0,16.0,8.0,16.0,17.0,17.0,9.0,3.0,2.0,2.0,2.0,2.0,1.0
5825.0,2.0,2.0,2.0,2.0,2.0,2.0,2.0,2.0,2.0,2.0,3.0,9.0,17.0,17.0,17.0,8.0,17.0,17.0,17.0,9.0,3.0,2.0,2.0,2.0,2.0,1.0
6098.0,2.0,2.0,2.0,2.0,2.0,2.0,2.0,2.0,2.0,2.0,2.0,9.0,9.0,17.0,9.0,8.0,9.0,17.0,9.0,9.0,2.0,2.0,2.0,2.0,2.0,1.0
6371.0,2.0,2.0,2.0,2.0,2.0,2.0,2.0,2.0,2.0,2.0,2.0,9.0,9.0,17.0,9.0,8.0,9.0,17.0,9.0,9.0,2.0,2.0,2.0,2.0,2.0,1.0
6644.0,2.0,2.0,2.0,2.0,2.0,2.0,2.0,2.0,2.0,2.0,2.0,9.0,9.0,17.0,9.0,8.0,9.0,17.0,9.0,3.0,2.0,2.0,2.0,2.0,2.0,1.0
6917.0,2.0,2.0,2.0,2.0,2.0,2.0,2.0,2.0,2.0,2.0,2.0,9.0,9.0,17.0,9.0,9.0,9.0,17.0,9.0,3.0,2.0,2.0,2.0,2.0,2.0,1.0
7190.0,2.0,2.0,2.0,2.0,2.0,2.0,2.0,2.0,2.0,2.0,2.0,9.0,9.0,9.0,9.0,9.0,9.0,9.0,9.0,2.0,2.0,2.0,2.0,2.0,2.0,1.0
7463.0,2.0,2.0,2.0,2.0,2.0,2.0,2.0,2.0,2.0,2.0,2.0,9.0,9.0,9.0,9.0,9.0,9.0,9.0,9.0,2.0,2.0,2.0,2.0,2.0,2.0,1.0
7736.0,2.0,2.0,2.0,2.0,2.0,2.0,2.0,2.0,2.0,2.0,2.0,9.0,9.0,9.0,9.0,9.0,9.0,9.0,9.0,2.0,2.0,2.0,2.0,2.0,2.0,1.0
8009.0,2.0,2.0,2.0,2.0,2.0,2.0,2.0,2.0,2.0,2.0,2.0,9.0,9.0,9.0,5.0,9.0,9.0,9.0,5.0,2.0,2.0,2.0,2.0,2.0,2.0,1.0
92.0,2.0,2.0,2.0,2.0,2.0,2.0,2.0,2.0,2.0,2.0,53.0,129.0,129.0,245.0,483.0,483.0,245.0,129.0,129.0,53.0,2.0,2.0,2.0,2.0,2.0,1.0
365.0,2.0,2.0,2.0,2.0,2.0,2.0,2.0,2.0,2.0,2.0,53.0,129.0,129.0,245.0,483.0,483.0,245.0,129.0,129.0,53.0,2.0,2.0,2.0,2.0,2.0,1.0
638.0,2.0,2.0,2.0,2.0,2.0,2.0,2.0,2.0,2.0,2.0,19.0,129.0,129.0,125.0,483.0,483.0,243.0,129.0,129.0,61.0,2.0,2.0,2.0,2.0,2.0,1.0
911.0,2.0,2.0,2.0,2.0,2.0,2.0,2.0,2.0,2.0,2.0,19.0,129.0,129.0,125.0,499.0,499.0,243.0,129.0,129.0,61.0,2.0,2.0,2.0,2.0,2.0,1.0
1184.0,2.0,2.0,2.0,2.0,2.0,2.0,2.0,2.0,2.0,2.0,19.0,65.0,65.0,125.0,242.0,242.0,243.0,65.0,65.0,61.0,2.0,2.0,2.0,2.0,2.0,1.0
1457.0,2.0,2.0,2.0,2.0,2.0,2.0,2.0,2.0,2.0,2.0,19.0,65.0,65.0,129.0,242.0,242.0,243.0,65.0,65.0,65.0,2.0,2.0,2.0,2.0,2.0,1.0
1730.0,2.0,2.0,2.0,2.0,2.0,2.0,2.0,2.0,2.0,2.0,2.0,65.0,65.0,65.0,242.0,242.0,242.0,65.0,65.0,65.0,2.0,2.0,2.0,2.0,2.0,1.0
2003.0,2.0,2.0,2.0,2.0,2.0,2.0,2.0,2.0,2.0,2.0,2.0,65.0,65.0,65.0,242.0,242.0,242.0,65.0,65.0,65.0,2.0,2.0,2.0,2.0,2.0,1.0
2276.0,2.0,2.0,2.0,2.0,2.0,2.0,2.0,2.0,2.0,2.0,2.0,65.0,65.0,65.0,242.0,242.0,242.0,65.0,65.0,65.0,2.0,2.0,2.0,2.0,2.0,1.0
2549.0,2.0,2.0,2.0,2.0,2.0,2.0,2.0,2.0,2.0,2.0,2.0,65.0,65.0,65.0,242.0,242.0,242.0,65.0,65.0,65.0,2.0,2.0,2.0,2.0,2.0,1.0
2822.0,2.0,2.0,2.0,2.0,2.0,2.0,2.0,2.0,2.0,2.0,2.0,65.0,65.0,65.0,242.0,242.0,242.0,65.0,65.0,65.0,2.0,2.0,2.0,2.0,2.0,1.0
3095.0,2.0,2.0,2.0,2.0,2.0,2.0,2.0,2.0,2.0,2.0,2.0,65.0,65.0,65.0,242.0,242.0,242.0,65.0,65.0,65.0,2.0,2.0,2.0,2.0,2.0,0.0
3095.0,2.0,2.0,2.0,2.0,2.0,2.0,2.0,2.0,2.0,2.0,2.0,31.0,65.0,65.0,122.0,250.0,250.0,63.0,65.0,65.0,10.0,2.0,2.0,2.0,2.0,0.0
3095.0,2.0,2.0,2.0,2.0,2.0,2.0,2.0,2.0,2.0,2.0,2.0,31.0,33.0,33.0,122.0,122.0,122.0,63.0,33.0,33.0,10.0,2.0,2.0,2.0,2.0,0.0
3095.0,2.0,2.0,2.0,2.0,2.0,2.0,2.0,2.0,2.0,2.0,2.0,33.0,33.0,33.0,122.0,122.0,122.0,65.0,33.0,33.0,10.0,2.0,2.0,2.0,2.0,0.0
3095.0,2.0,2.0,2.0,2.0,2.0,2.0,2.0,2.0,2.0,2.0,2.0,33.0,33.0,33.0,122.0,122.0,122.0,33.0,33.0,33.0,2.0,2.0,2.0,2.0,2.0,0.0
3095.0,2.0,2.0,2.0,2.0,2.0,2.0,2.0,2.0,2.0,2.0,2.0,33.0,33.0,33.0,126.0,122.0,122.0,33.0,33.0,33.0,6.0,2.0,2.0,2.0,2.0,1.0
3368.0,2.0,2.0,2.0,2.0,2.0,2.0,2.0,2.0,2.0,2.0,2.0,16.0,33.0,33.0,62.0,122.0,122.0,32.0,33.0,33.0,6.0,2.0,2.0,2.0,2.0,0.0
3368.0,2.0,2.0,2.0,2.0,2.0,2.0,2.0,2.0,2.0,2.0,2.0,16.0,33.0,33.0,62.0,126.0,126.0,32.0,33.0,33.0,6.0,2.0,2.0,2.0,2.0,0.0
3368.0,2.0,2.0,2.0,2.0,2.0,2.0,2.0,2.0,2.0,2.0,2.0,16.0,17.0,17.0,62.0,62.0,62.0,32.0,17.0,17.0,6.0,2.0,2.0,2.0,2.0,0.0
3368.0,2.0,2.0,2.0,2.0,2.0,2.0,2.0,2.0,2.0,2.0,2.0,16.0,17.0,17.0,64.0,62.0,62.0,32.0,17.0,17.0,8.0,2.0,2.0,2.0,2.0,0.0
3368.0,2.0,2.0,2.0,2.0,2.0,2.0,2.0,2.0,2.0,2.0,2.0,8.0,17.0,17.0,32.0,62.0,62.0,32.0,17.0,17.0,8.0,2.0,2.0,2.0,2.0,1.0
3641.0,2.0,2.0,2.0,2.0,2.0,2.0,2.0,2.0,2.0,2.0,2.0,9.0,17.0,17.0,32.0,62.0,62.0,33.0,17.0,17.0,8.0,2.0,2.0,2.0,2.0,1.0
3914.0,2.0,2.0,2.0,2.0,2.0,2.0,2.0,2.0,2.0,2.0,2.0,9.0,17.0,17.0,32.0,62.0,62.0,17.0,17.0,17.0,4.0,2.0,2.0,2.0,2.0,1.0
4187.0,2.0,2.0,2.0,2.0,2.0,2.0,2.0,2.0,2.0,2.0,2.0,9.0,17.0,17.0,32.0,62.0,62.0,17.0,17.0,17.0,4.0,2.0,2.0,2.0,2.0,1.0
4460.0,2.0,2.0,2.0,2.0,2.0,2.0,2.0,2.0,2.0,2.0,2.0,9.0,17.0,17.0,32.0,62.0,62.0,17.0,17.0,17.0,4.0,2.0,2.0,2.0,2.0,1.0
4733.0,2.0,2.0,2.0,2.0,2.0,2.0,2.0,2.0,2.0,2.0,2.0,9.0,17.0,17.0,32.0,64.0,64.0,17.0,17.0,17.0,4.0,2.0,2.0,2.0,2.0,1.0
5006.0,2.0,2.0,2.0,2.0,2.0,2.0,2.0,2.0,2.0,2.0,2.0,9.0,9.0,9.0,32.0,32.0,32.0,17.0,9.0,9.0,4.0,2.0,2.0,2.0,2.0,1.0
5279.0,2.0,2.0,2.0,2.0,2.0,2.0,2.0,2.0,2.0,2.0,2.0,9.0,9.0,9.0,32.0,32.0,32.0,17.0,9.0,9.0,4.0,2.0,2.0,2.0,2.0,1.0
5552.0,2.0,2.0,2.0,2.0,2.0,2.0,2.0,2.0,2.0,2.0,2.0,9.0,9.0,9.0,32.0,32.0,32.0,17.0,9.0,9.0,4.0,2.0,2.0,2.0,2.0,1.0
5825.0,2.0,2.0,2.0,2.0,2.0,2.0,2.0,2.0,2.0,2.0,2.0,9.0,9.0,9.0,33.0,32.0,32.0,17.0,9.0,9.0,5.0,2.0,2.0,2.0,2.0,1.0
6098.0,2.0,2.0,2.0,2.0,2.0,2.0,2.0,2.0,2.0,2.0,2.0,5.0,9.0,9.0,17.0,32.0,32.0,17.0,9.0,9.0,5.0,2.0,2.0,2.0,2.0,1.0
6371.0,2.0,2.0,2.0,2.0,2.0,2.0,2.0,2.0,2.0,2.0,2.0,5.0,9.0,9.0,17.0,32.0,32.0,17.0,9.0,9.0,5.0,2.0,2.0,2.0,2.0,1.0
6644.0,2.0,2.0,2.0,2.0,2.0,2.0,2.0,2.0,2.0,2.0,2.0,5.0,9.0,9.0,17.0,32.0,32.0,9.0,9.0,9.0,3.0,2.0,2.0,2.0,2.0,1.0
6917.0,2.0,2.0,2.0,2.0,2.0,2.0,2.0,2.0,2.0,2.0,2.0,9.0,9.0,9.0,33.0,32.0,32.0,9.0,9.0,9.0,3.0,2.0,2.0,2.0,2.0,1.0
7190.0,2.0,2.0,2.0,2.0,2.0,2.0,2.0,2.0,2.0,2.0,2.0,9.0,9.0,9.0,32.0,32.0,32.0,9.0,9.0,9.0,2.0,2.0,2.0,2.0,2.0,1.0
7463.0,2.0,2.0,2.0,2.0,2.0,2.0,2.0,2.0,2.0,2.0,3.0,9.0,9.0,9.0,33.0,33.0,17.0,9.0,9.0,5.0,2.0,2.0,2.0,2.0,2.0,1.0
7736.0,2.0,2.0,2.0,2.0,2.0,2.0,2.0,2.0,2.0,2.0,3.0,5.0,5.0,9.0,17.0,17.0,17.0,5.0,5.0,5.0,2.0,2.0,2.0,2.0,2.0,1.0
8009.0,2.0,2.0,2.0,2.0,2.0,2.0,2.0,2.0,2.0,2.0,3.0,5.0,5.0,9.0,17.0,17.0,17.0,5.0,5.0,5.0,2.0,2.0,2.0,2.0,2.0,1.0
92.0,2.0,2.0,2.0,2.0,2.0,2.0,2.0,2.0,2.0,14.0,32.0,129.0,257.0,245.0,99.0,99.0,245.0,257.0,129.0,32.0,14.0,2.0,2.0,2.0,2.0,1.0
365.0,2.0,2.0,2.0,2.0,2.0,2.0,2.0,2.0,2.0,14.0,32.0,129.0,257.0,245.0,99.0,99.0,245.0,257.0,129.0,32.0,14.0,2.0,2.0,2.0,2.0,1.0
638.0,2.0,2.0,2.0,2.0,2.0,2.0,2.0,2.0,2.0,14.0,32.0,129.0,257.0,245.0,99.0,99.0,245.0,257.0,129.0,32.0,14.0,2.0,2.0,2.0,2.0,1.0
911.0,2.0,2.0,2.0,2.0,2.0,2.0,2.0,2.0,2.0,14.0,32.0,129.0,257.0,245.0,115.0,99.0,245.0,257.0,129.0,32.0,16.0,2.0,2.0,2.0,2.0,1.0
1184.0,2.0,2.0,2.0,2.0,2.0,2.0,2.0,2.0,2.0,14.0,16.0,129.0,129.0,245.0,115.0,99.0,115.0,257.0,129.0,32.0,16.0,2.0,2.0,2.0,2.0,1.0
1457.0,2.0,2.0,2.0,2.0,2.0,2.0,2.0,2.0,2.0,16.0,16.0,129.0,129.0,245.0,115.0,115.0,115.0,257.0,129.0,32.0,16.0,2.0,2.0,2.0,2.0,1.0
1730.0,2.0,2.0,2.0,2.0,2.0,2.0,2.0,2.0,2.0,16.0,16.0,129.0,129.0,115.0,115.0,115.0,115.0,129.0,129.0,16.0,16.0,2.0,2.0,2.0,2.0,1.0
2003.0,2.0,2.0,2.0,2.0,2.0,2.0,2.0,2.0,2.0,8.0,16.0,65.0,129.0,123.0,115.0,50.0,115.0,129.0,129.0,17.0,16.0,2.0,2.0,2.0,2.0,0.0
2276.0,2.0,2.0,2.0,2.0,2.0,2.0,2.0,2.0,2.0,8.0,16.0,65.0,129.0,129.0,115.0,50.0,115.0,129.0,129.0,65.0,16.0,8.0,2.0,2.0,2.0,0.0
2276.0,2.0,2.0,2.0,2.0,2.0,2.0,2.0,2.0,2.0,2.0,8.0,17.0,65.0,129.0,123.0,50.0,50.0,123.0,129.0,65.0,17.0,8.0,2.0,2.0,2.0,0.0
2276.0,2.0,2.0,2.0,2.0,2.0,2.0,2.0,2.0,2.0,2.0,9.0,17.0,65.0,129.0,58.0,50.0,58.0,123.0,65.0,65.0,9.0,8.0,2.0,2.0,2.0,0.0
2276.0,2.0,2.0,2.0,2.0,2.0,2.0,2.0,2.0,2.0,2.0,9.0,17.0,65.0,129.0,58.0,58.0,58.0,123.0,65.0,65.0,9.0,9.0,2.0,2.0,2.0,0.0
2276.0,2.0,2.0,2.0,2.0,2.0,2.0,2.0,2.0,2.0,2.0,9.0,9.0,65.0,65.0,58.0,58.0,58.0,58.0,65.0,65.0,9.0,9.0,2.0,2.0,2.0,1.0
2549.0,2.0,2.0,2.0,2.0,2.0,2.0,2.0,2.0,2.0,2.0,9.0,9.0,65.0,65.0,58.0,58.0,58.0,58.0,65.0,65.0,9.0,9.0,2.0,2.0,2.0,1.0
2822.0,2.0,2.0,2.0,2.0,2.0,2.0,2.0,2.0,2.0,2.0,9.0,9.0,65.0,65.0,58.0,26.0,58.0,62.0,65.0,33.0,9.0,5.0,2.0,2.0,2.0,1.0
3095.0,2.0,2.0,2.0,2.0,2.0,2.0,2.0,2.0,2.0,2.0,9.0,9.0,65.0,65.0,58.0,26.0,58.0,62.0,65.0,33.0,9.0,5.0,2.0,2.0,2.0,1.0
3368.0,2.0,2.0,2.0,2.0,2.0,2.0,2.0,2.0,2.0,2.0,5.0,9.0,33.0,65.0,62.0,26.0,26.0,62.0,65.0,33.0,9.0,5.0,2.0,2.0,2.0,1.0
3641.0,2.0,2.0,2.0,2.0,2.0,2.0,2.0,2.0,2.0,2.0,5.0,9.0,33.0,65.0,62.0,26.0,26.0,62.0,65.0,33.0,9.0,5.0,2.0,2.0,2.0,1.0
3914.0,2.0,2.0,2.0,2.0,2.0,2.0,2.0,2.0,2.0,2.0,5.0,9.0,33.0,65.0,62.0,26.0,26.0,62.0,65.0,33.0,9.0,5.0,2.0,2.0,2.0,1.0
4187.0,2.0,2.0,2.0,2.0,2.0,2.0,2.0,2.0,2.0,2.0,5.0,9.0,33.0,65.0,30.0,26.0,30.0,62.0,33.0,33.0,5.0,5.0,2.0,2.0,2.0,1.0
4460.0,2.0,2.0,2.0,2.0,2.0,2.0,2.0,2.0,2.0,2.0,5.0,5.0,33.0,33.0,30.0,30.0,30.0,30.0,33.0,33.0,5.0,5.0,2.0,2.0,2.0,1.0
4733.0,2.0,2.0,2.0,2.0,2.0,2.0,2.0,2.0,2.0,2.0,5.0,5.0,33.0,33.0,30.0,30.0,30.0,30.0,33.0,33.0,5.0,5.0,2.0,2.0,2.0,0.0
4733.0,2.0,2.0,2.0,2.0,2.0,2.0,2.0,2.0,2.0,2.0,5.0,5.0,33.0,33.0,30.0,14.0,30.0,32.0,33.0,17.0,5.0,3.0,2.0,2.0,2.0,0.0
4733.0,2.0,2.0,2.0,2.0,2.0,2.0,2.0,2.0,2.0,2.0,5.0,5.0,33.0,33.0,32.0,14.0,30.0,32.0,33.0,17.0,5.0,3.0,2.0,2.0,2.0,0.0
4733.0,2.0,2.0,2.0,2.0,2.0,2.0,2.0,2.0,2.0,2.0,3.0,5.0,17.0,33.0,32.0,14.0,14.0,32.0,33.0,17.0,5.0,3.0,2.0,2.0,2.0,0.0
4733.0,2.0,2.0,2.0,2.0,2.0,2.0,2.0,2.0,2.0,2.0,3.0,5.0,17.0,33.0,32.0,14.0,16.0,32.0,33.0,17.0,5.0,3.0,2.0,2.0,2.0,0.0
4733.0,2.0,2.0,2.0,2.0,2.0,2.0,2.0,2.0,2.0,2.0,3.0,5.0,17.0,33.0,16.0,14.0,16.0,32.0,17.0,17.0,3.0,3.0,2.0,2.0,2.0,1.0
5006.0,2.0,2.0,2.0,2.0,2.0,2.0,2.0,2.0,2.0,2.0,3.0,5.0,17.0,33.0,16.0,14.0,16.0,32.0,17.0,17.0,3.0,3.0,2.0,2.0,2.0,1.0
5279.0,2.0,2.0,2.0,2.0,2.0,2.0,2.0,2.0,2.0,2.0,3.0,5.0,17.0,33.0,16.0,16.0,16.0,32.0,17.0,17.0,3.0,3.0,2.0,2.0,2.0,1.0
5552.0,2.0,2.0,2.0,2.0,2.0,2.0,2.0,2.0,2.0,2.0,3.0,3.0,17.0,17.0,16.0,16.0,16.0,16.0,17.0,17.0,3.0,3.0,2.0,2.0,2.0,1.0
5825.0,2.0,2.0,2.0,2.0,2.0,2.0,2.0,2.0,2.0,2.0,3.0,3.0,17.0,17.0,16.0,16.0,16.0,17.0,17.0,17.0,3.0,3.0,2.0,2.0,2.0,1.0
6098.0,2.0,2.0,2.0,2.0,2.0,2.0,2.0,2.0,2.0,2.0,3.0,3.0,17.0,17.0,16.0,8.0,16.0,17.0,17.0,9.0,3.0,2.0,2.0,2.0,2.0,1.0
6371.0,2.0,2.0,2.0,2.0,2.0,2.0,2.0,2.0,2.0,2.0,3.0,3.0,17.0,17.0,16.0,8.0,16.0,17.0,17.0,9.0,3.0,2.0,2.0,2.0,2.0,1.0
6644.0,2.0,2.0,2.0,2.0,2.0,2.0,2.0,2.0,2.0,2.0,3.0,3.0,17.0,17.0,16.0,8.0,16.0,17.0,17.0,9.0,3.0,2.0,2.0,2.0,2.0,1.0
6917.0,2.0,2.0,2.0,2.0,2.0,2.0,2.0,2.0,2.0,2.0,3.0,9.0,17.0,17.0,17.0,8.0,17.0,17.0,17.0,9.0,3.0,2.0,2.0,2.0,2.0,1.0
7190.0,2.0,2.0,2.0,2.0,2.0,2.0,2.0,2.0,2.0,2.0,2.0,9.0,9.0,17.0,9.0,8.0,9.0,17.0,9.0,3.0,2.0,2.0,2.0,2.0,2.0,1.0
7463.0,2.0,2.0,2.0,2.0,2.0,2.0,2.0,2.0,2.0,2.0,2.0,9.0,9.0,17.0,9.0,8.0,9.0,17.0,9.0,3.0,2.0,2.0,2.0,2.0,2.0,1.0
7736.0,2.0,2.0,2.0,2.0,2.0,2.0,2.0,2.0,2.0,2.0,2.0,9.0,9.0,17.0,9.0,8.0,9.0,17.0,9.0,3.0,2.0,2.0,2.0,2.0,2.0,1.0
8009.0,2.0,2.0,2.0,2.0,2.0,2.0,2.0,2.0,2.0,2.0,2.0,9.0,9.0,9.0,9.0,9.0,9.0,9.0,9.0,2.0,2.0,2.0,2.0,2.0,2.0,1.0
92.0,2.0,2.0,2.0,2.0,2.0,2.0,2.0,2.0,2.0,2.0,129.0,129.0,129.0,483.0,483.0,483.0,129.0,129.0,129.0,2.0,2.0,2.0,2.0,2.0,2.0,1.0
365.0,2.0,2.0,2.0,2.0,2.0,2.0,2.0,2.0,2.0,2.0,129.0,129.0,129.0,483.0,483.0,483.0,129.0,129.0,129.0,2.0,2.0,2.0,2.0,2.0,2.0,0.0
638.0,2.0,2.0,2.0,2.0,2.0,2.0,2.0,2.0,2.0,2.0,61.0,129.0,129.0,243.0,483.0,483.0,125.0,129.0,129.0,19.0,2.0,2.0,2.0,2.0,2.0,0.0
638.0,2.0,2.0,2.0,2.0,2.0,2.0,2.0,2.0,2.0,2.0,61.0,129.0,129.0,253.0,499.0,499.0,253.0,129.0,129.0,61.0,2.0,2.0,2.0,2.0,2.0,0.0
638.0,2.0,2.0,2.0,2.0,2.0,2.0,2.0,2.0,2.0,2.0,27.0,65.0,65.0,123.0,242.0,242.0,123.0,65.0,65.0,27.0,2.0,2.0,2.0,2.0,2.0,0.0
638.0,2.0,2.0,2.0,2.0,2.0,2.0,2.0,2.0,2.0,2.0,27.0,65.0,65.0,125.0,242.0,242.0,251.0,65.0,65.0,61.0,2.0,2.0,2.0,2.0,2.0,0.0
638.0,2.0,2.0,2.0,2.0,2.0,2.0,2.0,2.0,2.0,2.0,19.0,65.0,65.0,125.0,242.0,242.0,243.0,65.0,65.0,61.0,2.0,2.0,2.0,2.0,2.0,0.0
638.0,2.0,2.0,2.0,2.0,2.0,2.0,2.0,2.0,2.0,2.0,19.0,65.0,65.0,129.0,242.0,242.0,243.0,65.0,65.0,65.0,2.0,2.0,2.0,2.0,2.0,0.0
911.0,2.0,2.0,2.0,2.0,2.0,2.0,2.0,2.0,2.0,2.0,2.0,65.0,65.0,65.0,242.0,242.0,242.0,65.0,65.0,65.0,2.0,2.0,2.0,2.0,2.0,1.0
1184.0,2.0,2.0,2.0,2.0,2.0,2.0,2.0,2.0,2.0,2.0,2.0,65.0,65.0,65.0,250.0,242.0,242.0,65.0,65.0,65.0,10.0,2.0,2.0,2.0,2.0,1.0
1457.0,2.0,2.0,2.0,2.0,2.0,2.0,2.0,2.0,2.0,2.0,2.0,31.0,65.0,65.0,122.0,242.0,242.0,63.0,65.0,65.0,10.0,2.0,2.0,2.0,2.0,1.0
1730.0,2.0,2.0,2.0,2.0,2.0,2.0,2.0,2.0,2.0,2.0,2.0,31.0,65.0,65.0,122.0,250.0,250.0,63.0,65.0,65.0,10.0,2.0,2.0,2.0,2.0,1.0
2003.0,2.0,2.0,2.0,2.0,2.0,2.0,2.0,2.0,2.0,2.0,2.0,31.0,33.0,33.0,122.0,122.0,122.0,63.0,33.0,33.0,10.0,2.0,2.0,2.0,2.0,1.0
2276.0,2.0,2.0,2.0,2.0,2.0,2.0,2.0,2.0,2.0,2.0,2.0,31.0,33.0,33.0,122.0,122.0,122.0,63.0,33.0,33.0,10.0,2.0,2.0,2.0,2.0,1.0
2549.0,2.0,2.0,2.0,2.0,2.0,2.0,2.0,2.0,2.0,2.0,2.0,31.0,33.0,33.0,122.0,122.0,122.0,63.0,33.0,33.0,10.0,2.0,2.0,2.0,2.0,1.0
2822.0,2.0,2.0,2.0,2.0,2.0,2.0,2.0,2.0,2.0,2.0,2.0,31.0,33.0,33.0,126.0,122.0,122.0,63.0,33.0,33.0,14.0,2.0,2.0,2.0,2.0,0.0
2822.0,2.0,2.0,2.0,2.0,2.0,2.0,2.0,2.0,2.0,2.0,2.0,14.0,33.0,33.0,62.0,122.0,122.0,62.0,33.0,33.0,14.0,2.0,2.0,2.0,2.0,1.0
3095.0,2.0,2.0,2.0,2.0,2.0,2.0,2.0,2.0,2.0,2.0,2.0,14.0,33.0,33.0,62.0,122.0,122.0,62.0,33.0,33.0,14.0,2.0,2.0,2.0,2.0,0.0
3095.0,2.0,2.0,2.0,2.0,2.0,2.0,2.0,2.0,2.0,2.0,2.0,16.0,33.0,33.0,64.0,126.0,126.0,64.0,33.0,33.0,16.0,2.0,2.0,2.0,2.0,0.0
3095.0,2.0,2.0,2.0,2.0,2.0,2.0,2.0,2.0,2.0,2.0,2.0,8.0,17.0,17.0,32.0,62.0,62.0,32.0,17.0,17.0,8.0,2.0,2.0,2.0,2.0,0.0
3641.0,2.0,2.0,2.0,2.0,2.0,2.0,2.0,2.0,2.0,2.0,2.0,8.0,17.0,17.0,32.0,62.0,62.0,32.0,17.0,17.0,8.0,2.0,2.0,2.0,2.0,1.0
3914.0,2.0,2.0,2.0,2.0,2.0,2.0,2.0,2.0,2.0,2.0,2.0,8.0,17.0,17.0,32.0,62.0,62.0,32.0,17.0,17.0,8.0,2.0,2.0,2.0,2.0,1.0
4187.0,2.0,2.0,2.0,2.0,2.0,2.0,2.0,2.0,2.0,2.0,2.0,8.0,17.0,17.0,32.0,62.0,62.0,32.0,17.0,17.0,8.0,2.0,2.0,2.0,2.0,1.0
4460.0,2.0,2.0,2.0,2.0,2.0,2.0,2.0,2.0,2.0,2.0,2.0,8.0,17.0,17.0,33.0,62.0,62.0,32.0,17.0,17.0,9.0,2.0,2.0,2.0,2.0,1.0
4733.0,2.0,2.0,2.0,2.0,2.0,2.0,2.0,2.0,2.0,2.0,2.0,4.0,17.0,17.0,17.0,62.0,62.0,32.0,17.0,17.0,9.0,2.0,2.0,2.0,2.0,1.0
5006.0,2.0,2.0,2.0,2.0,2.0,2.0,2.0,2.0,2.0,2.0,2.0,4.0,17.0,17.0,17.0,64.0,64.0,32.0,17.0,17.0,9.0,2.0,2.0,2.0,2.0,1.0
5279.0,2.0,2.0,2.0,2.0,2.0,2.0,2.0,2.0,2.0,2.0,2.0,4.0,9.0,9.0,17.0,32.0,32.0,32.0,9.0,9.0,9.0,2.0,2.0,2.0,2.0,1.0
5552.0,2.0,2.0,2.0,2.0,2.0,2.0,2.0,2.0,2.0,2.0,2.0,5.0,9.0,9.0,17.0,32.0,32.0,33.0,9.0,9.0,9.0,2.0,2.0,2.0,2.0,1.0
5825.0,2.0,2.0,2.0,2.0,2.0,2.0,2.0,2.0,2.0,2.0,2.0,5.0,9.0,9.0,17.0,32.0,32.0,17.0,9.0,9.0,5.0,2.0,2.0,2.0,2.0,1.0
6644.0,2.0,2.0,2.0,2.0,2.0,2.0,2.0,2.0,2.0,2.0,2.0,5.0,9.0,9.0,17.0,32.0,32.0,17.0,9.0,9.0,5.0,2.0,2.0,2.0,2.0,1.0
6917.0,2.0,2.0,2.0,2.0,2.0,2.0,2.0,2.0,2.0,2.0,2.0,5.0,9.0,9.0,17.0,32.0,32.0,17.0,9.0,9.0,5.0,2.0,2.0,2.0,2.0,1.0
7190.0,2.0,2.0,2.0,2.0,2.0,2.0,2.0,2.0,2.0,2.0,2.0,5.0,9.0,9.0,17.0,32.0,32.0,9.0,9.0,9.0,3.0,2.0,2.0,2.0,2.0,1.0
7463.0,2.0,2.0,2.0,2.0,2.0,2.0,2.0,2.0,2.0,2.0,2.0,5.0,9.0,9.0,17.0,32.0,32.0,9.0,9.0,9.0,3.0,2.0,2.0,2.0,2.0,1.0
7736.0,2.0,2.0,2.0,2.0,2.0,2.0,2.0,2.0,2.0,2.0,2.0,5.0,9.0,9.0,17.0,33.0,33.0,9.0,9.0,9.0,3.0,2.0,2.0,2.0,2.0,1.0
8009.0,2.0,2.0,2.0,2.0,2.0,2.0,2.0,2.0,2.0,2.0,2.0,5.0,5.0,5.0,17.0,17.0,17.0,5.0,5.0,5.0,2.0,2.0,2.0,2.0,2.0,1.0
92.0,2.0,2.0,2.0,2.0,2.0,2.0,2.0,2.0,2.0,30.0,32.0,257.0,257.0,229.0,229.0,229.0,245.0,257.0,257.0,30.0,30.0,2.0,2.0,2.0,2.0,1.0
365.0,2.0,2.0,2.0,2.0,2.0,2.0,2.0,2.0,2.0,30.0,32.0,257.0,257.0,229.0,99.0,229.0,245.0,257.0,129.0,30.0,14.0,2.0,2.0,2.0,2.0,1.0
638.0,2.0,2.0,2.0,2.0,2.0,2.0,2.0,2.0,2.0,30.0,32.0,257.0,257.0,245.0,99.0,229.0,245.0,257.0,129.0,32.0,14.0,2.0,2.0,2.0,2.0,1.0
911.0,2.0,2.0,2.0,2.0,2.0,2.0,2.0,2.0,2.0,14.0,32.0,129.0,257.0,245.0,99.0,99.0,245.0,257.0,129.0,32.0,14.0,2.0,2.0,2.0,2.0,1.0
1184.0,2.0,2.0,2.0,2.0,2.0,2.0,2.0,2.0,2.0,14.0,32.0,129.0,257.0,245.0,99.0,99.0,245.0,257.0,129.0,32.0,14.0,2.0,2.0,2.0,2.0,1.0
1457.0,2.0,2.0,2.0,2.0,2.0,2.0,2.0,2.0,2.0,14.0,32.0,129.0,257.0,245.0,99.0,99.0,245.0,257.0,129.0,32.0,14.0,2.0,2.0,2.0,2.0,1.0
1730.0,2.0,2.0,2.0,2.0,2.0,2.0,2.0,2.0,2.0,14.0,16.0,129.0,129.0,245.0,115.0,99.0,115.0,257.0,129.0,32.0,16.0,2.0,2.0,2.0,2.0,1.0
2003.0,2.0,2.0,2.0,2.0,2.0,2.0,2.0,2.0,2.0,14.0,16.0,129.0,129.0,245.0,115.0,99.0,115.0,257.0,129.0,32.0,16.0,2.0,2.0,2.0,2.0,1.0
2276.0,2.0,2.0,2.0,2.0,2.0,2.0,2.0,2.0,2.0,16.0,16.0,129.0,129.0,245.0,115.0,115.0,115.0,257.0,129.0,32.0,16.0,2.0,2.0,2.0,2.0,1.0
2549.0,2.0,2.0,2.0,2.0,2.0,2.0,2.0,2.0,2.0,16.0,16.0,129.0,129.0,115.0,115.0,115.0,115.0,129.0,129.0,16.0,16.0,2.0,2.0,2.0,2.0,0.0
2822.0,2.0,2.0,2.0,2.0,2.0,2.0,2.0,2.0,2.0,8.0,16.0,65.0,129.0,123.0,115.0,50.0,115.0,129.0,129.0,17.0,16.0,2.0,2.0,2.0,2.0,0.0
2822.0,2.0,2.0,2.0,2.0,2.0,2.0,2.0,2.0,2.0,8.0,16.0,65.0,129.0,129.0,115.0,50.0,115.0,129.0,129.0,65.0,16.0,8.0,2.0,2.0,2.0,0.0
2822.0,2.0,2.0,2.0,2.0,2.0,2.0,2.0,2.0,2.0,8.0,17.0,65.0,129.0,129.0,123.0,50.0,123.0,129.0,129.0,65.0,17.0,8.0,2.0,2.0,2.0,0.0
2822.0,2.0,2.0,2.0,2.0,2.0,2.0,2.0,2.0,2.0,8.0,9.0,65.0,65.0,129.0,58.0,50.0,58.0,129.0,65.0,65.0,9.0,8.0,2.0,2.0,2.0,0.0
2822.0,2.0,2.0,2.0,2.0,2.0,2.0,2.0,2.0,2.0,2.0,9.0,17.0,65.0,129.0,58.0,50.0,58.0,123.0,65.0,65.0,9.0,8.0,2.0,2.0,2.0,0.0
2822.0,2.0,2.0,2.0,2.0,2.0,2.0,2.0,2.0,2.0,2.0,9.0,9.0,65.0,65.0,58.0,58.0,58.0,58.0,65.0,65.0,9.0,9.0,2.0,2.0,2.0,1.0
3368.0,2.0,2.0,2.0,2.0,2.0,2.0,2.0,2.0,2.0,2.0,9.0,9.0,65.0,65.0,58.0,26.0,58.0,62.0,65.0,33.0,9.0,5.0,2.0,2.0,2.0,1.0
3641.0,2.0,2.0,2.0,2.0,2.0,2.0,2.0,2.0,2.0,2.0,9.0,9.0,65.0,65.0,58.0,26.0,58.0,62.0,65.0,33.0,9.0,5.0,2.0,2.0,2.0,1.0
3914.0,2.0,2.0,2.0,2.0,2.0,2.0,2.0,2.0,2.0,2.0,9.0,9.0,65.0,65.0,58.0,26.0,58.0,62.0,65.0,33.0,9.0,5.0,2.0,2.0,2.0,1.0
4187.0,2.0,2.0,2.0,2.0,2.0,2.0,2.0,2.0,2.0,2.0,5.0,9.0,33.0,65.0,62.0,26.0,26.0,62.0,65.0,33.0,9.0,5.0,2.0,2.0,2.0,1.0
4733.0,2.0,2.0,2.0,2.0,2.0,2.0,2.0,2.0,2.0,2.0,5.0,9.0,33.0,65.0,30.0,26.0,30.0,62.0,33.0,33.0,5.0,5.0,2.0,2.0,2.0,1.0
5006.0,2.0,2.0,2.0,2.0,2.0,2.0,2.0,2.0,2.0,2.0,5.0,9.0,33.0,65.0,30.0,26.0,30.0,62.0,33.0,33.0,5.0,5.0,2.0,2.0,2.0,0.0
5006.0,2.0,2.0,2.0,2.0,2.0,2.0,2.0,2.0,2.0,2.0,5.0,5.0,33.0,33.0,30.0,30.0,30.0,30.0,33.0,33.0,5.0,5.0,2.0,2.0,2.0,0.0
5279.0,2.0,2.0,2.0,2.0,2.0,2.0,2.0,2.0,2.0,3.0,5.0,17.0,33.0,33.0,30.0,14.0,30.0,33.0,33.0,17.0,5.0,3.0,2.0,2.0,2.0,0.0
5279.0,2.0,2.0,2.0,2.0,2.0,2.0,2.0,2.0,2.0,3.0,5.0,17.0,33.0,32.0,14.0,14.0,32.0,33.0,17.0,5.0,3.0,2.0,2.0,2.0,2.0,0.0
5279.0,2.0,2.0,2.0,2.0,2.0,2.0,2.0,2.0,2.0,3.0,3.0,17.0,17.0,32.0,16.0,14.0,16.0,33.0,17.0,5.0,3.0,2.0,2.0,2.0,2.0,0.0
5279.0,2.0,2.0,2.0,2.0,2.0,2.0,2.0,2.0,2.0,3.0,3.0,17.0,17.0,16.0,16.0,16.0,16.0,17.0,17.0,3.0,3.0,2.0,2.0,2.0,2.0,1.0
5552.0,2.0,2.0,2.0,2.0,2.0,2.0,2.0,2.0,2.0,3.0,3.0,17.0,17.0,17.0,16.0,16.0,16.0,17.0,17.0,3.0,3.0,2.0,2.0,2.0,2.0,1.0
5825.0,2.0,2.0,2.0,2.0,2.0,2.0,2.0,2.0,2.0,2.0,3.0,9.0,17.0,17.0,16.0,8.0,16.0,17.0,17.0,3.0,3.0,2.0,2.0,2.0,2.0,1.0
6098.0,2.0,2.0,2.0,2.0,2.0,2.0,2.0,2.0,2.0,2.0,3.0,9.0,17.0,17.0,16.0,8.0,16.0,17.0,17.0,3.0,3.0,2.0,2.0,2.0,2.0,1.0
6371.0,2.0,2.0,2.0,2.0,2.0,2.0,2.0,2.0,2.0,2.0,3.0,9.0,17.0,17.0,16.0,8.0,17.0,17.0,17.0,3.0,3.0,2.0,2.0,2.0,2.0,1.0
6644.0,2.0,2.0,2.0,2.0,2.0,2.0,2.0,2.0,2.0,2.0,3.0,9.0,17.0,17.0,8.0,8.0,17.0,17.0,9.0,3.0,2.0,2.0,2.0,2.0,2.0,1.0
6917.0,2.0,2.0,2.0,2.0,2.0,2.0,2.0,2.0,2.0,2.0,3.0,9.0,17.0,17.0,8.0,8.0,17.0,17.0,9.0,3.0,2.0,2.0,2.0,2.0,2.0,1.0
7190.0,2.0,2.0,2.0,2.0,2.0,2.0,2.0,2.0,2.0,2.0,3.0,9.0,17.0,17.0,8.0,8.0,17.0,17.0,9.0,3.0,2.0,2.0,2.0,2.0,2.0,1.0
7463.0,2.0,2.0,2.0,2.0,2.0,2.0,2.0,2.0,2.0,2.0,3.0,9.0,17.0,9.0,9.0,9.0,17.0,9.0,9.0,2.0,2.0,2.0,2.0,2.0,2.0,1.0
92.0,2.0,2.0,2.0,2.0,2.0,2.0,2.0,2.0,2.0,2.0,61.0,129.0,129.0,243.0,483.0,483.0,125.0,129.0,129.0,19.0,2.0,2.0,2.0,2.0,2.0,1.0
365.0,2.0,2.0,2.0,2.0,2.0,2.0,2.0,2.0,2.0,2.0,61.0,129.0,129.0,243.0,499.0,499.0,125.0,129.0,129.0,19.0,2.0,2.0,2.0,2.0,2.0,1.0
638.0,2.0,2.0,2.0,2.0,2.0,2.0,2.0,2.0,2.0,2.0,61.0,65.0,65.0,243.0,242.0,242.0,125.0,65.0,65.0,19.0,2.0,2.0,2.0,2.0,2.0,1.0
911.0,2.0,2.0,2.0,2.0,2.0,2.0,2.0,2.0,2.0,2.0,61.0,65.0,65.0,251.0,242.0,242.0,125.0,65.0,65.0,27.0,2.0,2.0,2.0,2.0,2.0,1.0
1184.0,2.0,2.0,2.0,2.0,2.0,2.0,2.0,2.0,2.0,2.0,27.0,65.0,65.0,123.0,242.0,242.0,123.0,65.0,65.0,27.0,2.0,2.0,2.0,2.0,2.0,1.0
1457.0,2.0,2.0,2.0,2.0,2.0,2.0,2.0,2.0,2.0,2.0,27.0,65.0,65.0,123.0,242.0,242.0,123.0,65.0,65.0,27.0,2.0,2.0,2.0,2.0,2.0,1.0
1730.0,2.0,2.0,2.0,2.0,2.0,2.0,2.0,2.0,2.0,2.0,27.0,65.0,65.0,123.0,242.0,242.0,123.0,65.0,65.0,27.0,2.0,2.0,2.0,2.0,2.0,1.0
2003.0,2.0,2.0,2.0,2.0,2.0,2.0,2.0,2.0,2.0,2.0,27.0,65.0,65.0,127.0,242.0,242.0,123.0,65.0,65.0,31.0,2.0,2.0,2.0,2.0,2.0,1.0
2276.0,2.0,2.0,2.0,2.0,2.0,2.0,2.0,2.0,2.0,2.0,10.0,65.0,65.0,63.0,242.0,242.0,122.0,65.0,65.0,31.0,2.0,2.0,2.0,2.0,2.0,1.0
2549.0,2.0,2.0,2.0,2.0,2.0,2.0,2.0,2.0,2.0,2.0,10.0,65.0,65.0,63.0,242.0,242.0,122.0,65.0,65.0,31.0,2.0,2.0,2.0,2.0,2.0,1.0
2822.0,2.0,2.0,2.0,2.0,2.0,2.0,2.0,2.0,2.0,2.0,10.0,65.0,65.0,63.0,242.0,242.0,122.0,65.0,65.0,31.0,2.0,2.0,2.0,2.0,2.0,1.0
3095.0,2.0,2.0,2.0,2.0,2.0,2.0,2.0,2.0,2.0,2.0,10.0,65.0,65.0,63.0,250.0,250.0,122.0,65.0,65.0,31.0,2.0,2.0,2.0,2.0,2.0,1.0
3368.0,2.0,2.0,2.0,2.0,2.0,2.0,2.0,2.0,2.0,2.0,10.0,33.0,33.0,63.0,122.0,122.0,122.0,33.0,33.0,31.0,2.0,2.0,2.0,2.0,2.0,1.0
3641.0,2.0,2.0,2.0,2.0,2.0,2.0,2.0,2.0,2.0,2.0,10.0,33.0,33.0,63.0,122.0,122.0,122.0,33.0,33.0,31.0,2.0,2.0,2.0,2.0,2.0,1.0
3914.0,2.0,2.0,2.0,2.0,2.0,2.0,2.0,2.0,2.0,2.0,10.0,33.0,33.0,63.0,122.0,122.0,122.0,33.0,33.0,31.0,2.0,2.0,2.0,2.0,2.0,1.0
4460.0,2.0,2.0,2.0,2.0,2.0,2.0,2.0,2.0,2.0,2.0,14.0,33.0,33.0,62.0,122.0,122.0,62.0,33.0,33.0,14.0,2.0,2.0,2.0,2.0,2.0,0.0
4460.0,2.0,2.0,2.0,2.0,2.0,2.0,2.0,2.0,2.0,2.0,14.0,33.0,33.0,64.0,122.0,122.0,62.0,33.0,33.0,16.0,2.0,2.0,2.0,2.0,2.0,0.0
4460.0,2.0,2.0,2.0,2.0,2.0,2.0,2.0,2.0,2.0,2.0,6.0,33.0,33.0,32.0,122.0,122.0,62.0,33.0,33.0,16.0,2.0,2.0,2.0,2.0,2.0,0.0
4460.0,2.0,2.0,2.0,2.0,2.0,2.0,2.0,2.0,2.0,2.0,6.0,33.0,33.0,32.0,126.0,126.0,62.0,33.0,33.0,16.0,2.0,2.0,2.0,2.0,2.0,0.0
4460.0,2.0,2.0,2.0,2.0,2.0,2.0,2.0,2.0,2.0,2.0,6.0,17.0,17.0,32.0,62.0,62.0,62.0,17.0,17.0,16.0,2.0,2.0,2.0,2.0,2.0,0.0
4733.0,2.0,2.0,2.0,2.0,2.0,2.0,2.0,2.0,2.0,2.0,8.0,17.0,17.0,32.0,62.0,62.0,64.0,17.0,17.0,16.0,2.0,2.0,2.0,2.0,2.0,1.0
5006.0,2.0,2.0,2.0,2.0,2.0,2.0,2.0,2.0,2.0,2.0,8.0,17.0,17.0,32.0,62.0,62.0,32.0,17.0,17.0,8.0,2.0,2.0,2.0,2.0,2.0,1.0
5279.0,2.0,2.0,2.0,2.0,2.0,2.0,2.0,2.0,2.0,2.0,8.0,17.0,17.0,33.0,62.0,62.0,32.0,17.0,17.0,9.0,2.0,2.0,2.0,2.0,2.0,1.0
5552.0,2.0,2.0,2.0,2.0,2.0,2.0,2.0,2.0,2.0,2.0,4.0,17.0,17.0,17.0,62.0,62.0,32.0,17.0,17.0,9.0,2.0,2.0,2.0,2.0,2.0,1.0
5825.0,2.0,2.0,2.0,2.0,2.0,2.0,2.0,2.0,2.0,2.0,4.0,17.0,17.0,17.0,62.0,62.0,32.0,17.0,17.0,9.0,2.0,2.0,2.0,2.0,2.0,1.0
6098.0,2.0,2.0,2.0,2.0,2.0,2.0,2.0,2.0,2.0,2.0,4.0,17.0,17.0,17.0,62.0,62.0,32.0,17.0,17.0,9.0,2.0,2.0,2.0,2.0,2.0,1.0
6371.0,2.0,2.0,2.0,2.0,2.0,2.0,2.0,2.0,2.0,2.0,4.0,17.0,17.0,17.0,64.0,64.0,32.0,17.0,17.0,9.0,2.0,2.0,2.0,2.0,2.0,1.0
6644.0,2.0,2.0,2.0,2.0,2.0,2.0,2.0,2.0,2.0,2.0,4.0,9.0,9.0,17.0,32.0,32.0,32.0,9.0,9.0,9.0,2.0,2.0,2.0,2.0,2.0,1.0
6917.0,2.0,2.0,2.0,2.0,2.0,2.0,2.0,2.0,2.0,2.0,5.0,9.0,9.0,17.0,32.0,32.0,17.0,9.0,9.0,5.0,2.0,2.0,2.0,2.0,2.0,1.0
7190.0,2.0,2.0,2.0,2.0,2.0,2.0,2.0,2.0,2.0,2.0,5.0,9.0,9.0,17.0,32.0,32.0,17.0,9.0,9.0,5.0,2.0,2.0,2.0,2.0,2.0,0.0
7190.0,2.0,2.0,2.0,2.0,2.0,2.0,2.0,2.0,2.0,2.0,9.0,9.0,9.0,33.0,32.0,32.0,9.0,9.0,9.0,3.0,2.0,2.0,2.0,2.0,2.0,0.0
7190.0,2.0,2.0,2.0,2.0,2.0,2.0,2.0,2.0,2.0,2.0,5.0,9.0,9.0,17.0,32.0,32.0,9.0,9.0,9.0,3.0,2.0,2.0,2.0,2.0,2.0,0.0
7190.0,2.0,2.0,2.0,2.0,2.0,2.0,2.0,2.0,2.0,2.0,9.0,9.0,9.0,32.0,32.0,32.0,9.0,9.0,9.0,2.0,2.0,2.0,2.0,2.0,2.0,0.0
7190.0,2.0,2.0,2.0,2.0,2.0,2.0,2.0,2.0,2.0,3.0,9.0,9.0,9.0,33.0,33.0,33.0,9.0,9.0,9.0,3.0,2.0,2.0,2.0,2.0,2.0,1.0
7463.0,2.0,2.0,2.0,2.0,2.0,2.0,2.0,2.0,2.0,3.0,5.0,5.0,9.0,17.0,17.0,17.0,5.0,5.0,5.0,2.0,2.0,2.0,2.0,2.0,2.0,1.0
7736.0,2.0,2.0,2.0,2.0,2.0,2.0,2.0,2.0,2.0,3.0,5.0,5.0,9.0,17.0,17.0,17.0,5.0,5.0,5.0,2.0,2.0,2.0,2.0,2.0,2.0,1.0
8009.0,2.0,2.0,2.0,2.0,2.0,2.0,2.0,2.0,2.0,3.0,5.0,5.0,9.0,17.0,17.0,17.0,5.0,5.0,5.0,2.0,2.0,2.0,2.0,2.0,2.0,1.0
92.0,2.0,2.0,2.0,2.0,2.0,2.0,2.0,2.0,2.0,8.0,17.0,65.0,129.0,123.0,50.0,50.0,123.0,129.0,65.0,17.0,8.0,2.0,2.0,2.0,2.0,1.0
638.0,2.0,2.0,2.0,2.0,2.0,2.0,2.0,2.0,2.0,8.0,17.0,65.0,129.0,123.0,50.0,50.0,123.0,129.0,65.0,17.0,8.0,2.0,2.0,2.0,2.0,1.0
911.0,2.0,2.0,2.0,2.0,2.0,2.0,2.0,2.0,2.0,8.0,9.0,65.0,65.0,123.0,58.0,50.0,58.0,129.0,65.0,17.0,9.0,2.0,2.0,2.0,2.0,1.0
1184.0,2.0,2.0,2.0,2.0,2.0,2.0,2.0,2.0,2.0,8.0,9.0,65.0,65.0,123.0,58.0,50.0,58.0,129.0,65.0,17.0,9.0,2.0,2.0,2.0,2.0,1.0
1457.0,2.0,2.0,2.0,2.0,2.0,2.0,2.0,2.0,2.0,8.0,9.0,65.0,65.0,123.0,58.0,50.0,58.0,129.0,65.0,17.0,9.0,2.0,2.0,2.0,2.0,1.0
1730.0,2.0,2.0,2.0,2.0,2.0,2.0,2.0,2.0,2.0,9.0,9.0,65.0,65.0,129.0,58.0,58.0,58.0,129.0,65.0,65.0,9.0,9.0,2.0,2.0,2.0,1.0
2003.0,2.0,2.0,2.0,2.0,2.0,2.0,2.0,2.0,2.0,5.0,9.0,33.0,65.0,65.0,58.0,26.0,58.0,65.0,65.0,33.0,9.0,5.0,2.0,2.0,2.0,1.0
2276.0,2.0,2.0,2.0,2.0,2.0,2.0,2.0,2.0,2.0,5.0,9.0,33.0,65.0,65.0,58.0,26.0,58.0,65.0,65.0,33.0,9.0,5.0,2.0,2.0,2.0,1.0
2549.0,2.0,2.0,2.0,2.0,2.0,2.0,2.0,2.0,2.0,5.0,9.0,33.0,65.0,65.0,58.0,26.0,58.0,65.0,65.0,33.0,9.0,5.0,2.0,2.0,2.0,1.0
2822.0,2.0,2.0,2.0,2.0,2.0,2.0,2.0,2.0,2.0,5.0,9.0,33.0,65.0,65.0,58.0,26.0,58.0,65.0,65.0,33.0,9.0,5.0,2.0,2.0,2.0,1.0
3095.0,2.0,2.0,2.0,2.0,2.0,2.0,2.0,2.0,2.0,5.0,9.0,33.0,65.0,65.0,62.0,26.0,62.0,65.0,65.0,33.0,9.0,5.0,2.0,2.0,2.0,1.0
3368.0,2.0,2.0,2.0,2.0,2.0,2.0,2.0,2.0,2.0,5.0,5.0,33.0,33.0,65.0,30.0,26.0,30.0,65.0,33.0,33.0,5.0,5.0,2.0,2.0,2.0,1.0
3641.0,2.0,2.0,2.0,2.0,2.0,2.0,2.0,2.0,2.0,5.0,5.0,33.0,33.0,65.0,30.0,26.0,30.0,65.0,33.0,33.0,5.0,5.0,2.0,2.0,2.0,1.0
3914.0,2.0,2.0,2.0,2.0,2.0,2.0,2.0,2.0,2.0,5.0,5.0,33.0,33.0,65.0,30.0,26.0,30.0,65.0,33.0,33.0,5.0,5.0,2.0,2.0,2.0,0.0
3914.0,2.0,2.0,2.0,2.0,2.0,2.0,2.0,2.0,2.0,5.0,5.0,33.0,33.0,65.0,30.0,30.0,30.0,65.0,33.0,33.0,5.0,5.0,2.0,2.0,2.0,0.0
3914.0,2.0,2.0,2.0,2.0,2.0,2.0,2.0,2.0,2.0,3.0,5.0,17.0,33.0,33.0,30.0,14.0,30.0,33.0,33.0,17.0,5.0,3.0,2.0,2.0,2.0,0.0
4187.0,2.0,2.0,2.0,2.0,2.0,2.0,2.0,2.0,2.0,3.0,5.0,17.0,33.0,33.0,32.0,14.0,32.0,33.0,33.0,17.0,5.0,3.0,2.0,2.0,2.0,0.0
4187.0,2.0,2.0,2.0,2.0,2.0,2.0,2.0,2.0,2.0,3.0,3.0,17.0,17.0,33.0,16.0,14.0,16.0,33.0,17.0,17.0,3.0,3.0,2.0,2.0,2.0,0.0
4187.0,2.0,2.0,2.0,2.0,2.0,2.0,2.0,2.0,2.0,3.0,3.0,17.0,17.0,33.0,16.0,16.0,16.0,33.0,17.0,17.0,3.0,3.0,2.0,2.0,2.0,0.0
4187.0,2.0,2.0,2.0,2.0,2.0,2.0,2.0,2.0,2.0,2.0,3.0,9.0,17.0,17.0,16.0,8.0,16.0,17.0,17.0,9.0,3.0,2.0,2.0,2.0,2.0,1.0
4460.0,2.0,2.0,2.0,2.0,2.0,2.0,2.0,2.0,2.0,2.0,3.0,9.0,17.0,17.0,16.0,8.0,16.0,17.0,17.0,9.0,3.0,2.0,2.0,2.0,2.0,1.0
5279.0,2.0,2.0,2.0,2.0,2.0,2.0,2.0,2.0,2.0,2.0,3.0,9.0,17.0,17.0,17.0,8.0,17.0,17.0,17.0,9.0,3.0,2.0,2.0,2.0,2.0,1.0
5552.0,2.0,2.0,2.0,2.0,2.0,2.0,2.0,2.0,2.0,2.0,2.0,9.0,9.0,17.0,9.0,8.0,9.0,17.0,9.0,9.0,2.0,2.0,2.0,2.0,2.0,1.0
5825.0,2.0,2.0,2.0,2.0,2.0,2.0,2.0,2.0,2.0,2.0,2.0,9.0,9.0,17.0,9.0,8.0,9.0,17.0,9.0,9.0,2.0,2.0,2.0,2.0,2.0,1.0
6644.0,2.0,2.0,2.0,2.0,2.0,2.0,2.0,2.0,2.0,2.0,2.0,9.0,9.0,9.0,9.0,9.0,9.0,9.0,9.0,2.0,2.0,2.0,2.0,2.0,2.0,1.0
6917.0,2.0,2.0,2.0,2.0,2.0,2.0,2.0,2.0,2.0,2.0,2.0,9.0,9.0,9.0,9.0,9.0,9.0,9.0,9.0,2.0,2.0,2.0,2.0,2.0,2.0,1.0
7190.0,2.0,2.0,2.0,2.0,2.0,2.0,2.0,2.0,2.0,2.0,2.0,5.0,9.0,9.0,9.0,5.0,9.0,9.0,9.0,2.0,2.0,2.0,2.0,2.0,2.0,1.0
7463.0,2.0,2.0,2.0,2.0,2.0,2.0,2.0,2.0,2.0,2.0,2.0,5.0,9.0,9.0,9.0,5.0,9.0,9.0,9.0,2.0,2.0,2.0,2.0,2.0,2.0,1.0
7736.0,2.0,2.0,2.0,2.0,2.0,2.0,2.0,2.0,2.0,2.0,2.0,5.0,9.0,9.0,5.0,5.0,9.0,9.0,5.0,2.0,2.0,2.0,2.0,2.0,2.0,1.0
8009.0,2.0,2.0,2.0,2.0,2.0,2.0,2.0,2.0,2.0,2.0,2.0,5.0,9.0,9.0,5.0,5.0,9.0,9.0,5.0,2.0,2.0,2.0,2.0,2.0,2.0,1.0
365.0,2.0,2.0,2.0,2.0,2.0,2.0,2.0,2.0,2.0,2.0,19.0,129.0,129.0,125.0,483.0,483.0,243.0,129.0,129.0,61.0,2.0,2.0,2.0,2.0,2.0,1.0
1184.0,2.0,2.0,2.0,2.0,2.0,2.0,2.0,2.0,2.0,2.0,2.0,65.0,65.0,65.0,242.0,242.0,242.0,65.0,65.0,65.0,2.0,2.0,2.0,2.0,2.0,1.0
1457.0,2.0,2.0,2.0,2.0,2.0,2.0,2.0,2.0,2.0,2.0,2.0,65.0,65.0,65.0,243.0,242.0,242.0,129.0,65.0,65.0,19.0,2.0,2.0,2.0,2.0,1.0
1730.0,2.0,2.0,2.0,2.0,2.0,2.0,2.0,2.0,2.0,2.0,2.0,61.0,65.0,65.0,243.0,242.0,242.0,125.0,65.0,65.0,19.0,2.0,2.0,2.0,2.0,1.0
2003.0,2.0,2.0,2.0,2.0,2.0,2.0,2.0,2.0,2.0,2.0,2.0,65.0,65.0,65.0,243.0,242.0,242.0,129.0,65.0,65.0,19.0,2.0,2.0,2.0,2.0,1.0
2549.0,2.0,2.0,2.0,2.0,2.0,2.0,2.0,2.0,2.0,2.0,2.0,65.0,65.0,65.0,250.0,242.0,242.0,65.0,65.0,65.0,10.0,2.0,2.0,2.0,2.0,1.0
2822.0,2.0,2.0,2.0,2.0,2.0,2.0,2.0,2.0,2.0,2.0,2.0,31.0,65.0,65.0,122.0,242.0,242.0,63.0,65.0,65.0,10.0,2.0,2.0,2.0,2.0,1.0
3095.0,2.0,2.0,2.0,2.0,2.0,2.0,2.0,2.0,2.0,2.0,2.0,31.0,65.0,65.0,122.0,242.0,242.0,63.0,65.0,65.0,10.0,2.0,2.0,2.0,2.0,1.0
3368.0,2.0,2.0,2.0,2.0,2.0,2.0,2.0,2.0,2.0,2.0,2.0,31.0,65.0,65.0,122.0,242.0,242.0,63.0,65.0,65.0,10.0,2.0,2.0,2.0,2.0,1.0
3641.0,2.0,2.0,2.0,2.0,2.0,2.0,2.0,2.0,2.0,2.0,2.0,31.0,65.0,65.0,122.0,250.0,250.0,63.0,65.0,65.0,10.0,2.0,2.0,2.0,2.0,1.0
3914.0,2.0,2.0,2.0,2.0,2.0,2.0,2.0,2.0,2.0,2.0,2.0,31.0,33.0,33.0,122.0,122.0,122.0,63.0,33.0,33.0,10.0,2.0,2.0,2.0,2.0,1.0
4187.0,2.0,2.0,2.0,2.0,2.0,2.0,2.0,2.0,2.0,2.0,2.0,31.0,33.0,33.0,122.0,122.0,122.0,63.0,33.0,33.0,10.0,2.0,2.0,2.0,2.0,1.0
4460.0,2.0,2.0,2.0,2.0,2.0,2.0,2.0,2.0,2.0,2.0,2.0,31.0,33.0,33.0,122.0,122.0,122.0,63.0,33.0,33.0,10.0,2.0,2.0,2.0,2.0,1.0
4733.0,2.0,2.0,2.0,2.0,2.0,2.0,2.0,2.0,2.0,2.0,2.0,33.0,33.0,33.0,122.0,122.0,122.0,65.0,33.0,33.0,10.0,2.0,2.0,2.0,2.0,1.0
5006.0,2.0,2.0,2.0,2.0,2.0,2.0,2.0,2.0,2.0,2.0,2.0,33.0,33.0,33.0,122.0,122.0,122.0,33.0,33.0,33.0,2.0,2.0,2.0,2.0,2.0,0.0
5006.0,2.0,2.0,2.0,2.0,2.0,2.0,2.0,2.0,2.0,2.0,2.0,33.0,33.0,33.0,126.0,122.0,122.0,33.0,33.0,33.0,6.0,2.0,2.0,2.0,2.0,0.0
5006.0,2.0,2.0,2.0,2.0,2.0,2.0,2.0,2.0,2.0,2.0,2.0,16.0,33.0,33.0,62.0,122.0,122.0,32.0,33.0,33.0,6.0,2.0,2.0,2.0,2.0,0.0
5006.0,2.0,2.0,2.0,2.0,2.0,2.0,2.0,2.0,2.0,2.0,2.0,16.0,33.0,33.0,62.0,126.0,126.0,32.0,33.0,33.0,6.0,2.0,2.0,2.0,2.0,0.0
5006.0,2.0,2.0,2.0,2.0,2.0,2.0,2.0,2.0,2.0,2.0,2.0,16.0,17.0,17.0,62.0,62.0,62.0,32.0,17.0,17.0,6.0,2.0,2.0,2.0,2.0,0.0
5006.0,2.0,2.0,2.0,2.0,2.0,2.0,2.0,2.0,2.0,2.0,2.0,17.0,17.0,17.0,62.0,62.0,62.0,33.0,17.0,17.0,6.0,2.0,2.0,2.0,2.0,1.0
5279.0,2.0,2.0,2.0,2.0,2.0,2.0,2.0,2.0,2.0,2.0,2.0,17.0,17.0,17.0,62.0,62.0,62.0,17.0,17.0,17.0,2.0,2.0,2.0,2.0,2.0,0.0
5279.0,2.0,2.0,2.0,2.0,2.0,2.0,2.0,2.0,2.0,2.0,4.0,17.0,17.0,17.0,64.0,64.0,32.0,17.0,17.0,9.0,2.0,2.0,2.0,2.0,2.0,1.0
5552.0,2.0,2.0,2.0,2.0,2.0,2.0,2.0,2.0,2.0,2.0,4.0,9.0,9.0,17.0,32.0,32.0,32.0,9.0,9.0,9.0,2.0,2.0,2.0,2.0,2.0,0.0
5825.0,2.0,2.0,2.0,2.0,2.0,2.0,2.0,2.0,2.0,2.0,4.0,9.0,9.0,17.0,32.0,32.0,32.0,9.0,9.0,9.0,2.0,2.0,2.0,2.0,2.0,1.0
6098.0,2.0,2.0,2.0,2.0,2.0,2.0,2.0,2.0,2.0,2.0,2.0,9.0,9.0,9.0,32.0,32.0,32.0,9.0,9.0,9.0,2.0,2.0,2.0,2.0,2.0,1.0
6371.0,2.0,2.0,2.0,2.0,2.0,2.0,2.0,2.0,2.0,2.0,2.0,9.0,9.0,9.0,32.0,32.0,32.0,9.0,9.0,9.0,2.0,2.0,2.0,2.0,2.0,1.0
6644.0,2.0,2.0,2.0,2.0,2.0,2.0,2.0,2.0,2.0,2.0,2.0,9.0,9.0,9.0,32.0,32.0,32.0,9.0,9.0,9.0,2.0,2.0,2.0,2.0,2.0,0.0
6644.0,2.0,2.0,2.0,2.0,2.0,2.0,2.0,2.0,2.0,2.0,3.0,9.0,9.0,9.0,32.0,32.0,33.0,9.0,9.0,9.0,2.0,2.0,2.0,2.0,2.0,1.0
6917.0,2.0,2.0,2.0,2.0,2.0,2.0,2.0,2.0,2.0,2.0,3.0,9.0,9.0,9.0,32.0,32.0,17.0,9.0,9.0,5.0,2.0,2.0,2.0,2.0,2.0,0.0
6917.0,2.0,2.0,2.0,2.0,2.0,2.0,2.0,2.0,2.0,2.0,3.0,9.0,9.0,9.0,33.0,33.0,17.0,9.0,9.0,5.0,2.0,2.0,2.0,2.0,2.0,0.0
6917.0,2.0,2.0,2.0,2.0,2.0,2.0,2.0,2.0,2.0,2.0,3.0,5.0,5.0,9.0,17.0,17.0,9.0,5.0,5.0,3.0,2.0,2.0,2.0,2.0,2.0,0.0
6917.0,2.0,2.0,2.0,2.0,2.0,2.0,2.0,2.0,2.0,2.0,5.0,5.0,5.0,17.0,17.0,17.0,9.0,5.0,5.0,3.0,2.0,2.0,2.0,2.0,2.0,1.0
7190.0,2.0,2.0,2.0,2.0,2.0,2.0,2.0,2.0,2.0,2.0,5.0,5.0,5.0,17.0,17.0,17.0,5.0,5.0,5.0,2.0,2.0,2.0,2.0,2.0,2.0,1.0
7463.0,2.0,2.0,2.0,2.0,2.0,2.0,2.0,2.0,2.0,2.0,5.0,5.0,5.0,17.0,17.0,17.0,5.0,5.0,5.0,2.0,2.0,2.0,2.0,2.0,2.0,1.0
7736.0,2.0,2.0,2.0,2.0,2.0,2.0,2.0,2.0,2.0,2.0,5.0,5.0,5.0,17.0,17.0,17.0,5.0,5.0,5.0,2.0,2.0,2.0,2.0,2.0,2.0,1.0
8009.0,2.0,2.0,2.0,2.0,2.0,2.0,2.0,2.0,2.0,2.0,5.0,5.0,5.0,17.0,17.0,17.0,5.0,5.0,5.0,2.0,2.0,2.0,2.0,2.0,2.0,1.0
92.0,2.0,2.0,2.0,2.0,2.0,2.0,2.0,2.0,2.0,8.0,16.0,65.0,129.0,123.0,115.0,50.0,115.0,129.0,129.0,17.0,16.0,2.0,2.0,2.0,2.0,1.0
365.0,2.0,2.0,2.0,2.0,2.0,2.0,2.0,2.0,2.0,8.0,16.0,65.0,129.0,129.0,115.0,50.0,115.0,129.0,129.0,65.0,16.0,8.0,2.0,2.0,2.0,1.0
638.0,2.0,2.0,2.0,2.0,2.0,2.0,2.0,2.0,2.0,2.0,16.0,17.0,129.0,129.0,115.0,50.0,115.0,123.0,129.0,65.0,16.0,8.0,2.0,2.0,2.0,1.0
911.0,2.0,2.0,2.0,2.0,2.0,2.0,2.0,2.0,2.0,2.0,8.0,17.0,65.0,129.0,123.0,50.0,50.0,123.0,129.0,65.0,17.0,8.0,2.0,2.0,2.0,1.0
1184.0,2.0,2.0,2.0,2.0,2.0,2.0,2.0,2.0,2.0,2.0,8.0,17.0,65.0,129.0,123.0,50.0,50.0,123.0,129.0,65.0,17.0,8.0,2.0,2.0,2.0,1.0
1457.0,2.0,2.0,2.0,2.0,2.0,2.0,2.0,2.0,2.0,2.0,9.0,17.0,65.0,129.0,123.0,50.0,58.0,123.0,129.0,65.0,17.0,8.0,2.0,2.0,2.0,1.0
2003.0,2.0,2.0,2.0,2.0,2.0,2.0,2.0,2.0,2.0,2.0,9.0,9.0,65.0,65.0,58.0,58.0,58.0,58.0,65.0,65.0,9.0,9.0,2.0,2.0,2.0,0.0
2003.0,2.0,2.0,2.0,2.0,2.0,2.0,2.0,2.0,2.0,2.0,9.0,9.0,65.0,65.0,62.0,58.0,58.0,58.0,65.0,65.0,9.0,9.0,2.0,2.0,2.0,0.0
2003.0,2.0,2.0,2.0,2.0,2.0,2.0,2.0,2.0,2.0,2.0,5.0,9.0,33.0,65.0,62.0,58.0,26.0,58.0,65.0,65.0,9.0,9.0,2.0,2.0,2.0,0.0
2003.0,2.0,2.0,2.0,2.0,2.0,2.0,2.0,2.0,2.0,2.0,5.0,9.0,33.0,65.0,62.0,26.0,26.0,62.0,65.0,33.0,9.0,5.0,2.0,2.0,2.0,0.0
2003.0,2.0,2.0,2.0,2.0,2.0,2.0,2.0,2.0,2.0,2.0,5.0,9.0,33.0,65.0,62.0,30.0,26.0,62.0,65.0,33.0,9.0,5.0,2.0,2.0,2.0,0.0
2003.0,2.0,2.0,2.0,2.0,2.0,2.0,2.0,2.0,2.0,2.0,5.0,5.0,33.0,33.0,62.0,30.0,26.0,30.0,65.0,33.0,9.0,5.0,2.0,2.0,2.0,1.0
2276.0,2.0,2.0,2.0,2.0,2.0,2.0,2.0,2.0,2.0,2.0,5.0,5.0,33.0,33.0,62.0,30.0,26.0,30.0,65.0,33.0,9.0,5.0,2.0,2.0,2.0,1.0
2549.0,2.0,2.0,2.0,2.0,2.0,2.0,2.0,2.0,2.0,2.0,5.0,5.0,33.0,33.0,62.0,30.0,26.0,30.0,65.0,33.0,9.0,5.0,2.0,2.0,2.0,1.0
2822.0,2.0,2.0,2.0,2.0,2.0,2.0,2.0,2.0,2.0,2.0,5.0,5.0,33.0,33.0,30.0,30.0,30.0,30.0,33.0,33.0,5.0,5.0,2.0,2.0,2.0,1.0
3095.0,2.0,2.0,2.0,2.0,2.0,2.0,2.0,2.0,2.0,2.0,3.0,5.0,17.0,33.0,32.0,30.0,14.0,30.0,33.0,33.0,5.0,5.0,2.0,2.0,2.0,1.0
3368.0,2.0,2.0,2.0,2.0,2.0,2.0,2.0,2.0,2.0,2.0,3.0,5.0,17.0,33.0,32.0,30.0,14.0,30.0,33.0,33.0,5.0,5.0,2.0,2.0,2.0,1.0
3641.0,2.0,2.0,2.0,2.0,2.0,2.0,2.0,2.0,2.0,2.0,3.0,5.0,17.0,33.0,32.0,30.0,14.0,30.0,33.0,33.0,5.0,5.0,2.0,2.0,2.0,1.0
3914.0,2.0,2.0,2.0,2.0,2.0,2.0,2.0,2.0,2.0,2.0,3.0,5.0,17.0,33.0,32.0,30.0,14.0,30.0,33.0,33.0,5.0,5.0,2.0,2.0,2.0,1.0
4187.0,2.0,2.0,2.0,2.0,2.0,2.0,2.0,2.0,2.0,2.0,3.0,5.0,17.0,33.0,32.0,14.0,14.0,32.0,33.0,17.0,5.0,3.0,2.0,2.0,2.0,1.0
4460.0,2.0,2.0,2.0,2.0,2.0,2.0,2.0,2.0,2.0,2.0,3.0,3.0,17.0,17.0,32.0,16.0,14.0,16.0,33.0,17.0,5.0,3.0,2.0,2.0,2.0,1.0
4733.0,2.0,2.0,2.0,2.0,2.0,2.0,2.0,2.0,2.0,2.0,3.0,3.0,17.0,17.0,32.0,16.0,14.0,16.0,33.0,17.0,5.0,3.0,2.0,2.0,2.0,1.0
5006.0,2.0,2.0,2.0,2.0,2.0,2.0,2.0,2.0,2.0,2.0,3.0,3.0,17.0,17.0,32.0,16.0,14.0,16.0,33.0,17.0,5.0,3.0,2.0,2.0,2.0,1.0
5279.0,2.0,2.0,2.0,2.0,2.0,2.0,2.0,2.0,2.0,2.0,3.0,3.0,17.0,17.0,32.0,16.0,14.0,16.0,33.0,17.0,5.0,3.0,2.0,2.0,2.0,1.0
5825.0,2.0,2.0,2.0,2.0,2.0,2.0,2.0,2.0,2.0,2.0,2.0,3.0,9.0,17.0,17.0,16.0,8.0,16.0,17.0,17.0,3.0,3.0,2.0,2.0,2.0,1.0
6098.0,2.0,2.0,2.0,2.0,2.0,2.0,2.0,2.0,2.0,2.0,2.0,3.0,9.0,17.0,17.0,16.0,8.0,16.0,17.0,17.0,3.0,3.0,2.0,2.0,2.0,1.0
6371.0,2.0,2.0,2.0,2.0,2.0,2.0,2.0,2.0,2.0,2.0,2.0,3.0,9.0,17.0,17.0,16.0,8.0,16.0,17.0,17.0,3.0,3.0,2.0,2.0,2.0,1.0
6644.0,2.0,2.0,2.0,2.0,2.0,2.0,2.0,2.0,2.0,2.0,2.0,3.0,9.0,17.0,17.0,16.0,8.0,17.0,17.0,17.0,3.0,3.0,2.0,2.0,2.0,1.0
6917.0,2.0,2.0,2.0,2.0,2.0,2.0,2.0,2.0,2.0,2.0,2.0,3.0,9.0,17.0,17.0,8.0,8.0,17.0,17.0,9.0,3.0,2.0,2.0,2.0,2.0,1.0
7190.0,2.0,2.0,2.0,2.0,2.0,2.0,2.0,2.0,2.0,2.0,2.0,3.0,9.0,17.0,17.0,8.0,8.0,17.0,17.0,9.0,3.0,2.0,2.0,2.0,2.0,1.0
7463.0,2.0,2.0,2.0,2.0,2.0,2.0,2.0,2.0,2.0,2.0,2.0,3.0,9.0,17.0,17.0,8.0,8.0,17.0,17.0,9.0,3.0,2.0,2.0,2.0,2.0,1.0
7736.0,2.0,2.0,2.0,2.0,2.0,2.0,2.0,2.0,2.0,2.0,2.0,3.0,9.0,17.0,9.0,9.0,9.0,17.0,9.0,9.0,2.0,2.0,2.0,2.0,2.0,1.0
8009.0,2.0,2.0,2.0,2.0,2.0,2.0,2.0,2.0,2.0,2.0,2.0,2.0,9.0,9.0,9.0,9.0,9.0,9.0,9.0,9.0,2.0,2.0,2.0,2.0,2.0,1.0
92.0,2.0,2.0,2.0,2.0,2.0,2.0,2.0,2.0,2.0,2.0,257.0,257.0,257.0,965.0,965.0,965.0,257.0,257.0,257.0,2.0,2.0,2.0,2.0,2.0,2.0,1.0
365.0,2.0,2.0,2.0,2.0,2.0,2.0,2.0,2.0,2.0,2.0,121.0,257.0,257.0,485.0,965.0,965.0,249.0,257.0,257.0,36.0,2.0,2.0,2.0,2.0,2.0,1.0
638.0,2.0,2.0,2.0,2.0,2.0,2.0,2.0,2.0,2.0,2.0,121.0,257.0,257.0,485.0,997.0,997.0,249.0,257.0,257.0,36.0,2.0,2.0,2.0,2.0,2.0,1.0
911.0,2.0,2.0,2.0,2.0,2.0,2.0,2.0,2.0,2.0,2.0,121.0,129.0,129.0,485.0,483.0,483.0,249.0,129.0,129.0,36.0,2.0,2.0,2.0,2.0,2.0,1.0
1184.0,2.0,2.0,2.0,2.0,2.0,2.0,2.0,2.0,2.0,2.0,121.0,129.0,129.0,501.0,483.0,483.0,249.0,129.0,129.0,53.0,2.0,2.0,2.0,2.0,2.0,1.0
1457.0,2.0,2.0,2.0,2.0,2.0,2.0,2.0,2.0,2.0,2.0,53.0,129.0,129.0,245.0,483.0,483.0,245.0,129.0,129.0,53.0,2.0,2.0,2.0,2.0,2.0,1.0
1730.0,2.0,2.0,2.0,2.0,2.0,2.0,2.0,2.0,2.0,2.0,53.0,129.0,129.0,245.0,483.0,483.0,245.0,129.0,129.0,53.0,2.0,2.0,2.0,2.0,2.0,1.0
2003.0,2.0,2.0,2.0,2.0,2.0,2.0,2.0,2.0,2.0,2.0,53.0,129.0,129.0,245.0,483.0,483.0,245.0,129.0,129.0,53.0,2.0,2.0,2.0,2.0,2.0,1.0
2276.0,2.0,2.0,2.0,2.0,2.0,2.0,2.0,2.0,2.0,2.0,53.0,129.0,129.0,245.0,483.0,483.0,245.0,129.0,129.0,53.0,2.0,2.0,2.0,2.0,2.0,1.0
2549.0,2.0,2.0,2.0,2.0,2.0,2.0,2.0,2.0,2.0,2.0,53.0,129.0,129.0,245.0,483.0,483.0,245.0,129.0,129.0,53.0,2.0,2.0,2.0,2.0,2.0,1.0
2822.0,2.0,2.0,2.0,2.0,2.0,2.0,2.0,2.0,2.0,2.0,53.0,129.0,129.0,253.0,483.0,483.0,245.0,129.0,129.0,61.0,2.0,2.0,2.0,2.0,2.0,1.0
3095.0,2.0,2.0,2.0,2.0,2.0,2.0,2.0,2.0,2.0,2.0,19.0,129.0,129.0,125.0,483.0,483.0,243.0,129.0,129.0,61.0,2.0,2.0,2.0,2.0,2.0,1.0
3368.0,2.0,2.0,2.0,2.0,2.0,2.0,2.0,2.0,2.0,2.0,19.0,129.0,129.0,125.0,499.0,499.0,243.0,129.0,129.0,61.0,2.0,2.0,2.0,2.0,2.0,1.0
3641.0,2.0,2.0,2.0,2.0,2.0,2.0,2.0,2.0,2.0,2.0,19.0,65.0,65.0,125.0,242.0,242.0,243.0,65.0,65.0,61.0,2.0,2.0,2.0,2.0,2.0,1.0
3914.0,2.0,2.0,2.0,2.0,2.0,2.0,2.0,2.0,2.0,2.0,27.0,65.0,65.0,125.0,242.0,242.0,251.0,65.0,65.0,61.0,2.0,2.0,2.0,2.0,2.0,1.0
4187.0,2.0,2.0,2.0,2.0,2.0,2.0,2.0,2.0,2.0,2.0,27.0,65.0,65.0,123.0,242.0,242.0,123.0,65.0,65.0,27.0,2.0,2.0,2.0,2.0,2.0,1.0
4460.0,2.0,2.0,2.0,2.0,2.0,2.0,2.0,2.0,2.0,2.0,27.0,65.0,65.0,123.0,242.0,242.0,123.0,65.0,65.0,27.0,2.0,2.0,2.0,2.0,2.0,0.0
4460.0,2.0,2.0,2.0,2.0,2.0,2.0,2.0,2.0,2.0,2.0,27.0,65.0,65.0,127.0,242.0,242.0,123.0,65.0,65.0,31.0,2.0,2.0,2.0,2.0,2.0,0.0
4460.0,2.0,2.0,2.0,2.0,2.0,2.0,2.0,2.0,2.0,2.0,10.0,65.0,65.0,63.0,242.0,242.0,122.0,65.0,65.0,31.0,2.0,2.0,2.0,2.0,2.0,-1.0
4187.0,2.0,2.0,2.0,2.0,2.0,2.0,2.0,2.0,2.0,2.0,10.0,65.0,65.0,63.0,250.0,250.0,122.0,65.0,65.0,31.0,2.0,2.0,2.0,2.0,2.0,0.0
4187.0,2.0,2.0,2.0,2.0,2.0,2.0,2.0,2.0,2.0,2.0,10.0,33.0,33.0,63.0,122.0,122.0,122.0,33.0,33.0,31.0,2.0,2.0,2.0,2.0,2.0,0.0
4187.0,2.0,2.0,2.0,2.0,2.0,2.0,2.0,2.0,2.0,2.0,14.0,33.0,33.0,62.0,122.0,122.0,62.0,33.0,33.0,14.0,2.0,2.0,2.0,2.0,2.0,0.0
4460.0,2.0,2.0,2.0,2.0,2.0,2.0,2.0,2.0,2.0,2.0,8.0,17.0,17.0,32.0,62.0,62.0,64.0,17.0,17.0,16.0,2.0,2.0,2.0,2.0,2.0,0.0
4460.0,2.0,2.0,2.0,2.0,2.0,2.0,2.0,2.0,2.0,2.0,8.0,17.0,17.0,32.0,62.0,62.0,32.0,17.0,17.0,8.0,2.0,2.0,2.0,2.0,2.0,1.0
4733.0,2.0,2.0,2.0,2.0,2.0,2.0,2.0,2.0,2.0,2.0,8.0,17.0,17.0,32.0,62.0,62.0,32.0,17.0,17.0,8.0,2.0,2.0,2.0,2.0,2.0,1.0
5279.0,2.0,2.0,2.0,2.0,2.0,2.0,2.0,2.0,2.0,2.0,8.0,17.0,17.0,32.0,62.0,62.0,32.0,17.0,17.0,8.0,2.0,2.0,2.0,2.0,2.0,1.0
5552.0,2.0,2.0,2.0,2.0,2.0,2.0,2.0,2.0,2.0,2.0,8.0,17.0,17.0,32.0,62.0,62.0,32.0,17.0,17.0,8.0,2.0,2.0,2.0,2.0,2.0,1.0
5825.0,2.0,2.0,2.0,2.0,2.0,2.0,2.0,2.0,2.0,2.0,8.0,17.0,17.0,33.0,62.0,62.0,32.0,17.0,17.0,9.0,2.0,2.0,2.0,2.0,2.0,1.0
6644.0,2.0,2.0,2.0,2.0,2.0,2.0,2.0,2.0,2.0,2.0,5.0,9.0,9.0,17.0,32.0,32.0,17.0,9.0,9.0,5.0,2.0,2.0,2.0,2.0,2.0,1.0
6917.0,2.0,2.0,2.0,2.0,2.0,2.0,2.0,2.0,2.0,2.0,9.0,9.0,9.0,33.0,32.0,32.0,17.0,9.0,9.0,5.0,2.0,2.0,2.0,2.0,2.0,1.0
7190.0,2.0,2.0,2.0,2.0,2.0,2.0,2.0,2.0,2.0,2.0,9.0,9.0,9.0,32.0,32.0,32.0,17.0,9.0,9.0,4.0,2.0,2.0,2.0,2.0,2.0,1.0
7463.0,2.0,2.0,2.0,2.0,2.0,2.0,2.0,2.0,2.0,2.0,9.0,9.0,9.0,32.0,32.0,32.0,17.0,9.0,9.0,4.0,2.0,2.0,2.0,2.0,2.0,1.0
7736.0,2.0,2.0,2.0,2.0,2.0,2.0,2.0,2.0,2.0,2.0,9.0,9.0,9.0,32.0,32.0,32.0,9.0,9.0,9.0,2.0,2.0,2.0,2.0,2.0,2.0,1.0
8009.0,2.0,2.0,2.0,2.0,2.0,2.0,2.0,2.0,2.0,2.0,9.0,9.0,9.0,32.0,32.0,32.0,9.0,9.0,9.0,2.0,2.0,2.0,2.0,2.0,2.0,1.0
92.0,2.0,2.0,2.0,2.0,2.0,2.0,2.0,2.0,16.0,16.0,129.0,129.0,115.0,115.0,115.0,115.0,129.0,129.0,16.0,16.0,2.0,2.0,2.0,2.0,2.0,1.0
365.0,2.0,2.0,2.0,2.0,2.0,2.0,2.0,2.0,8.0,16.0,65.0,129.0,123.0,115.0,50.0,115.0,129.0,129.0,17.0,16.0,2.0,2.0,2.0,2.0,2.0,0.0
365.0,2.0,2.0,2.0,2.0,2.0,2.0,2.0,2.0,8.0,16.0,65.0,129.0,129.0,115.0,50.0,115.0,129.0,129.0,65.0,16.0,8.0,2.0,2.0,2.0,2.0,0.0
365.0,2.0,2.0,2.0,2.0,2.0,2.0,2.0,2.0,2.0,9.0,17.0,65.0,129.0,123.0,50.0,58.0,123.0,129.0,65.0,17.0,8.0,2.0,2.0,2.0,2.0,0.0
365.0,2.0,2.0,2.0,2.0,2.0,2.0,2.0,2.0,2.0,9.0,17.0,65.0,129.0,58.0,50.0,58.0,123.0,65.0,65.0,9.0,8.0,2.0,2.0,2.0,2.0,0.0
365.0,2.0,2.0,2.0,2.0,2.0,2.0,2.0,2.0,2.0,9.0,9.0,65.0,65.0,58.0,58.0,58.0,58.0,65.0,65.0,9.0,9.0,2.0,2.0,2.0,2.0,1.0
638.0,2.0,2.0,2.0,2.0,2.0,2.0,2.0,2.0,2.0,9.0,9.0,65.0,65.0,58.0,58.0,58.0,58.0,65.0,65.0,9.0,9.0,2.0,2.0,2.0,2.0,0.0
638.0,2.0,2.0,2.0,2.0,2.0,2.0,2.0,2.0,2.0,9.0,9.0,65.0,65.0,62.0,58.0,58.0,58.0,65.0,65.0,9.0,9.0,2.0,2.0,2.0,2.0,0.0
638.0,2.0,2.0,2.0,2.0,2.0,2.0,2.0,2.0,2.0,5.0,9.0,33.0,65.0,62.0,58.0,26.0,58.0,65.0,65.0,9.0,9.0,2.0,2.0,2.0,2.0,0.0
638.0,2.0,2.0,2.0,2.0,2.0,2.0,2.0,2.0,2.0,5.0,9.0,33.0,65.0,62.0,58.0,26.0,62.0,65.0,65.0,9.0,9.0,2.0,2.0,2.0,2.0,0.0
638.0,2.0,2.0,2.0,2.0,2.0,2.0,2.0,2.0,2.0,5.0,9.0,33.0,65.0,62.0,26.0,26.0,62.0,65.0,33.0,9.0,5.0,2.0,2.0,2.0,2.0,0.0
638.0,2.0,2.0,2.0,2.0,2.0,2.0,2.0,2.0,2.0,5.0,5.0,33.0,33.0,65.0,30.0,26.0,30.0,65.0,33.0,33.0,5.0,5.0,2.0,2.0,2.0,0.0
638.0,2.0,2.0,2.0,2.0,2.0,2.0,2.0,2.0,2.0,2.0,5.0,9.0,33.0,65.0,30.0,26.0,30.0,62.0,33.0,33.0,5.0,5.0,2.0,2.0,2.0,1.0
911.0,2.0,2.0,2.0,2.0,2.0,2.0,2.0,2.0,2.0,2.0,5.0,9.0,33.0,65.0,30.0,30.0,30.0,62.0,33.0,33.0,5.0,5.0,2.0,2.0,2.0,1.0
1184.0,2.0,2.0,2.0,2.0,2.0,2.0,2.0,2.0,2.0,2.0,5.0,5.0,33.0,33.0,30.0,30.0,30.0,30.0,33.0,33.0,5.0,5.0,2.0,2.0,2.0,1.0
1457.0,2.0,2.0,2.0,2.0,2.0,2.0,2.0,2.0,2.0,2.0,5.0,5.0,33.0,33.0,30.0,30.0,30.0,30.0,33.0,33.0,5.0,5.0,2.0,2.0,2.0,1.0
1730.0,2.0,2.0,2.0,2.0,2.0,2.0,2.0,2.0,2.0,2.0,5.0,5.0,33.0,33.0,30.0,30.0,30.0,30.0,33.0,33.0,5.0,5.0,2.0,2.0,2.0,1.0
2003.0,2.0,2.0,2.0,2.0,2.0,2.0,2.0,2.0,2.0,2.0,3.0,5.0,17.0,33.0,32.0,14.0,14.0,32.0,33.0,17.0,5.0,3.0,2.0,2.0,2.0,1.0
2276.0,2.0,2.0,2.0,2.0,2.0,2.0,2.0,2.0,2.0,2.0,3.0,5.0,17.0,33.0,32.0,14.0,14.0,32.0,33.0,17.0,5.0,3.0,2.0,2.0,2.0,1.0
2549.0,2.0,2.0,2.0,2.0,2.0,2.0,2.0,2.0,2.0,2.0,3.0,5.0,17.0,33.0,32.0,14.0,14.0,32.0,33.0,17.0,5.0,3.0,2.0,2.0,2.0,1.0
2822.0,2.0,2.0,2.0,2.0,2.0,2.0,2.0,2.0,2.0,2.0,3.0,5.0,17.0,33.0,32.0,14.0,14.0,32.0,33.0,17.0,5.0,3.0,2.0,2.0,2.0,1.0
3095.0,2.0,2.0,2.0,2.0,2.0,2.0,2.0,2.0,2.0,2.0,3.0,5.0,17.0,33.0,32.0,14.0,14.0,32.0,33.0,17.0,5.0,3.0,2.0,2.0,2.0,1.0
3368.0,2.0,2.0,2.0,2.0,2.0,2.0,2.0,2.0,2.0,2.0,3.0,3.0,17.0,17.0,16.0,16.0,16.0,16.0,17.0,17.0,3.0,3.0,2.0,2.0,2.0,1.0
3641.0,2.0,2.0,2.0,2.0,2.0,2.0,2.0,2.0,2.0,2.0,3.0,3.0,17.0,17.0,16.0,16.0,16.0,16.0,17.0,17.0,3.0,3.0,2.0,2.0,2.0,1.0
3914.0,2.0,2.0,2.0,2.0,2.0,2.0,2.0,2.0,2.0,2.0,3.0,3.0,17.0,17.0,16.0,16.0,16.0,16.0,17.0,17.0,3.0,3.0,2.0,2.0,2.0,1.0
4187.0,2.0,2.0,2.0,2.0,2.0,2.0,2.0,2.0,2.0,2.0,3.0,3.0,17.0,17.0,16.0,16.0,16.0,16.0,17.0,17.0,3.0,3.0,2.0,2.0,2.0,1.0
4460.0,2.0,2.0,2.0,2.0,2.0,2.0,2.0,2.0,2.0,2.0,3.0,3.0,17.0,17.0,16.0,16.0,16.0,16.0,17.0,17.0,3.0,3.0,2.0,2.0,2.0,1.0
4733.0,2.0,2.0,2.0,2.0,2.0,2.0,2.0,2.0,2.0,2.0,2.0,3.0,9.0,17.0,17.0,8.0,8.0,17.0,17.0,9.0,3.0,2.0,2.0,2.0,2.0,1.0
5006.0,2.0,2.0,2.0,2.0,2.0,2.0,2.0,2.0,2.0,2.0,2.0,3.0,9.0,17.0,17.0,8.0,8.0,17.0,17.0,9.0,3.0,2.0,2.0,2.0,2.0,1.0
5279.0,2.0,2.0,2.0,2.0,2.0,2.0,2.0,2.0,2.0,2.0,2.0,3.0,9.0,17.0,17.0,8.0,8.0,17.0,17.0,9.0,3.0,2.0,2.0,2.0,2.0,1.0
5552.0,2.0,2.0,2.0,2.0,2.0,2.0,2.0,2.0,2.0,2.0,2.0,3.0,9.0,17.0,17.0,8.0,8.0,17.0,17.0,9.0,3.0,2.0,2.0,2.0,2.0,1.0
5825.0,2.0,2.0,2.0,2.0,2.0,2.0,2.0,2.0,2.0,2.0,2.0,3.0,9.0,17.0,17.0,8.0,8.0,17.0,17.0,9.0,3.0,2.0,2.0,2.0,2.0,1.0
6098.0,2.0,2.0,2.0,2.0,2.0,2.0,2.0,2.0,2.0,2.0,2.0,2.0,9.0,9.0,9.0,9.0,9.0,9.0,9.0,9.0,2.0,2.0,2.0,2.0,2.0,1.0
6371.0,2.0,2.0,2.0,2.0,2.0,2.0,2.0,2.0,2.0,2.0,2.0,2.0,9.0,9.0,9.0,9.0,9.0,9.0,9.0,9.0,2.0,2.0,2.0,2.0,2.0,1.0
6644.0,2.0,2.0,2.0,2.0,2.0,2.0,2.0,2.0,2.0,2.0,2.0,2.0,9.0,9.0,9.0,9.0,9.0,9.0,9.0,9.0,2.0,2.0,2.0,2.0,2.0,1.0
6917.0,2.0,2.0,2.0,2.0,2.0,2.0,2.0,2.0,2.0,2.0,2.0,2.0,9.0,9.0,9.0,9.0,9.0,9.0,9.0,9.0,2.0,2.0,2.0,2.0,2.0,1.0
7190.0,2.0,2.0,2.0,2.0,2.0,2.0,2.0,2.0,2.0,2.0,2.0,2.0,9.0,9.0,9.0,5.0,9.0,9.0,9.0,5.0,2.0,2.0,2.0,2.0,2.0,1.0
7463.0,2.0,2.0,2.0,2.0,2.0,2.0,2.0,2.0,2.0,2.0,2.0,2.0,9.0,9.0,9.0,5.0,9.0,9.0,9.0,5.0,2.0,2.0,2.0,2.0,2.0,1.0
7736.0,2.0,2.0,2.0,2.0,2.0,2.0,2.0,2.0,2.0,2.0,2.0,5.0,9.0,9.0,9.0,5.0,9.0,9.0,9.0,5.0,2.0,2.0,2.0,2.0,2.0,1.0
92.0,2.0,2.0,2.0,2.0,2.0,2.0,2.0,2.0,2.0,2.0,53.0,129.0,129.0,249.0,483.0,483.0,501.0,129.0,129.0,121.0,2.0,2.0,2.0,2.0,2.0,1.0
365.0,2.0,2.0,2.0,2.0,2.0,2.0,2.0,2.0,2.0,2.0,36.0,129.0,129.0,249.0,483.0,483.0,485.0,129.0,129.0,121.0,2.0,2.0,2.0,2.0,2.0,1.0
638.0,2.0,2.0,2.0,2.0,2.0,2.0,2.0,2.0,2.0,2.0,36.0,129.0,129.0,257.0,483.0,483.0,485.0,129.0,129.0,129.0,2.0,2.0,2.0,2.0,2.0,1.0
911.0,2.0,2.0,2.0,2.0,2.0,2.0,2.0,2.0,2.0,2.0,2.0,129.0,129.0,129.0,483.0,483.0,483.0,129.0,129.0,129.0,2.0,2.0,2.0,2.0,2.0,1.0
1184.0,2.0,2.0,2.0,2.0,2.0,2.0,2.0,2.0,2.0,2.0,2.0,129.0,129.0,129.0,483.0,483.0,483.0,129.0,129.0,129.0,2.0,2.0,2.0,2.0,2.0,1.0
1457.0,2.0,2.0,2.0,2.0,2.0,2.0,2.0,2.0,2.0,2.0,2.0,129.0,129.0,129.0,483.0,483.0,483.0,129.0,129.0,129.0,2.0,2.0,2.0,2.0,2.0,1.0
1730.0,2.0,2.0,2.0,2.0,2.0,2.0,2.0,2.0,2.0,2.0,2.0,61.0,129.0,129.0,243.0,483.0,483.0,125.0,129.0,129.0,19.0,2.0,2.0,2.0,2.0,1.0
2003.0,2.0,2.0,2.0,2.0,2.0,2.0,2.0,2.0,2.0,2.0,2.0,61.0,129.0,129.0,243.0,483.0,483.0,125.0,129.0,129.0,19.0,2.0,2.0,2.0,2.0,1.0
2276.0,2.0,2.0,2.0,2.0,2.0,2.0,2.0,2.0,2.0,2.0,2.0,61.0,129.0,129.0,243.0,499.0,499.0,125.0,129.0,129.0,19.0,2.0,2.0,2.0,2.0,1.0
2549.0,2.0,2.0,2.0,2.0,2.0,2.0,2.0,2.0,2.0,2.0,2.0,61.0,65.0,65.0,243.0,242.0,242.0,125.0,65.0,65.0,19.0,2.0,2.0,2.0,2.0,1.0
2822.0,2.0,2.0,2.0,2.0,2.0,2.0,2.0,2.0,2.0,2.0,2.0,61.0,65.0,65.0,243.0,242.0,242.0,125.0,65.0,65.0,19.0,2.0,2.0,2.0,2.0,1.0
3095.0,2.0,2.0,2.0,2.0,2.0,2.0,2.0,2.0,2.0,2.0,2.0,61.0,65.0,65.0,243.0,242.0,242.0,125.0,65.0,65.0,19.0,2.0,2.0,2.0,2.0,1.0
3368.0,2.0,2.0,2.0,2.0,2.0,2.0,2.0,2.0,2.0,2.0,2.0,65.0,65.0,65.0,243.0,242.0,242.0,129.0,65.0,65.0,19.0,2.0,2.0,2.0,2.0,1.0
3641.0,2.0,2.0,2.0,2.0,2.0,2.0,2.0,2.0,2.0,2.0,2.0,65.0,65.0,65.0,242.0,242.0,242.0,65.0,65.0,65.0,2.0,2.0,2.0,2.0,2.0,1.0
3914.0,2.0,2.0,2.0,2.0,2.0,2.0,2.0,2.0,2.0,2.0,2.0,65.0,65.0,65.0,250.0,242.0,242.0,65.0,65.0,65.0,10.0,2.0,2.0,2.0,2.0,1.0
4187.0,2.0,2.0,2.0,2.0,2.0,2.0,2.0,2.0,2.0,2.0,2.0,31.0,65.0,65.0,122.0,242.0,242.0,63.0,65.0,65.0,10.0,2.0,2.0,2.0,2.0,1.0
4460.0,2.0,2.0,2.0,2.0,2.0,2.0,2.0,2.0,2.0,2.0,2.0,31.0,65.0,65.0,122.0,242.0,242.0,63.0,65.0,65.0,10.0,2.0,2.0,2.0,2.0,1.0
4733.0,2.0,2.0,2.0,2.0,2.0,2.0,2.0,2.0,2.0,2.0,2.0,31.0,65.0,65.0,122.0,242.0,242.0,63.0,65.0,65.0,10.0,2.0,2.0,2.0,2.0,1.0
5006.0,2.0,2.0,2.0,2.0,2.0,2.0,2.0,2.0,2.0,2.0,2.0,31.0,65.0,65.0,122.0,250.0,250.0,63.0,65.0,65.0,10.0,2.0,2.0,2.0,2.0,1.0
5279.0,2.0,2.0,2.0,2.0,2.0,2.0,2.0,2.0,2.0,2.0,2.0,31.0,33.0,33.0,122.0,122.0,122.0,63.0,33.0,33.0,10.0,2.0,2.0,2.0,2.0,0.0
5279.0,2.0,2.0,2.0,2.0,2.0,2.0,2.0,2.0,2.0,2.0,2.0,33.0,33.0,33.0,122.0,122.0,122.0,33.0,33.0,33.0,2.0,2.0,2.0,2.0,2.0,0.0
5279.0,2.0,2.0,2.0,2.0,2.0,2.0,2.0,2.0,2.0,2.0,6.0,33.0,33.0,33.0,126.0,126.0,126.0,33.0,33.0,33.0,6.0,2.0,2.0,2.0,2.0,0.0
5279.0,2.0,2.0,2.0,2.0,2.0,2.0,2.0,2.0,2.0,2.0,6.0,17.0,17.0,33.0,62.0,62.0,62.0,17.0,17.0,17.0,2.0,2.0,2.0,2.0,2.0,0.0
5279.0,2.0,2.0,2.0,2.0,2.0,2.0,2.0,2.0,2.0,2.0,4.0,17.0,17.0,17.0,62.0,62.0,32.0,17.0,17.0,9.0,2.0,2.0,2.0,2.0,2.0,0.0
5552.0,2.0,2.0,2.0,2.0,2.0,2.0,2.0,2.0,2.0,2.0,5.0,9.0,9.0,17.0,32.0,32.0,33.0,9.0,9.0,9.0,2.0,2.0,2.0,2.0,2.0,0.0
5552.0,2.0,2.0,2.0,2.0,2.0,2.0,2.0,2.0,2.0,2.0,5.0,9.0,9.0,17.0,32.0,32.0,17.0,9.0,9.0,5.0,2.0,2.0,2.0,2.0,2.0,0.0
5825.0,2.0,2.0,2.0,2.0,2.0,2.0,2.0,2.0,2.0,2.0,3.0,9.0,9.0,9.0,32.0,32.0,17.0,9.0,9.0,5.0,2.0,2.0,2.0,2.0,2.0,1.0
6098.0,2.0,2.0,2.0,2.0,2.0,2.0,2.0,2.0,2.0,2.0,3.0,9.0,9.0,9.0,33.0,33.0,17.0,9.0,9.0,5.0,2.0,2.0,2.0,2.0,2.0,1.0
6371.0,2.0,2.0,2.0,2.0,2.0,2.0,2.0,2.0,2.0,2.0,3.0,5.0,5.0,9.0,17.0,17.0,17.0,5.0,5.0,5.0,2.0,2.0,2.0,2.0,2.0,1.0
6644.0,2.0,2.0,2.0,2.0,2.0,2.0,2.0,2.0,2.0,2.0,3.0,5.0,5.0,9.0,17.0,17.0,9.0,5.0,5.0,3.0,2.0,2.0,2.0,2.0,2.0,1.0
7190.0,2.0,2.0,2.0,2.0,2.0,2.0,2.0,2.0,2.0,2.0,5.0,5.0,5.0,17.0,17.0,17.0,9.0,5.0,5.0,3.0,2.0,2.0,2.0,2.0,2.0,1.0
92.0,2.0,2.0,2.0,2.0,2.0,2.0,2.0,2.0,2.0,16.0,16.0,129.0,129.0,123.0,115.0,115.0,115.0,129.0,129.0,17.0,16.0,2.0,2.0,2.0,2.0,1.0
365.0,2.0,2.0,2.0,2.0,2.0,2.0,2.0,2.0,2.0,8.0,16.0,65.0,129.0,123.0,115.0,50.0,115.0,129.0,129.0,17.0,16.0,2.0,2.0,2.0,2.0,1.0
638.0,2.0,2.0,2.0,2.0,2.0,2.0,2.0,2.0,2.0,8.0,16.0,65.0,129.0,129.0,115.0,50.0,115.0,129.0,129.0,65.0,16.0,8.0,2.0,2.0,2.0,1.0
911.0,2.0,2.0,2.0,2.0,2.0,2.0,2.0,2.0,2.0,2.0,16.0,17.0,129.0,129.0,115.0,50.0,115.0,123.0,129.0,65.0,16.0,8.0,2.0,2.0,2.0,1.0
1457.0,2.0,2.0,2.0,2.0,2.0,2.0,2.0,2.0,2.0,2.0,8.0,17.0,65.0,129.0,123.0,50.0,50.0,123.0,129.0,65.0,17.0,8.0,2.0,2.0,2.0,1.0
1730.0,2.0,2.0,2.0,2.0,2.0,2.0,2.0,2.0,2.0,2.0,9.0,17.0,65.0,129.0,123.0,50.0,58.0,123.0,129.0,65.0,17.0,8.0,2.0,2.0,2.0,1.0
