Input1,Output1
1.0,-0.9777777777777777
2.0,-0.9555555555555556
3.0,-0.9333333333333333
4.0,-0.9111111111111111
5.0,-0.8888888888888888
6.0,-0.8666666666666667
7.0,-0.8444444444444444
8.0,-0.8222222222222222
9.0,-0.8
10.0,-0.7777777777777778
11.0,-0.7555555555555555
12.0,-0.7333333333333333
13.0,-0.7111111111111111
14.0,-0.6888888888888889
15.0,-0.6666666666666666
16.0,-0.6444444444444445
17.0,-0.6222222222222222
18.0,-0.6
19.0,-0.5777777777777777
20.0,-0.5555555555555556
21.0,-0.5333333333333333
22.0,-0.5111111111111111
23.0,-0.4888888888888889
24.0,-0.4666666666666667
25.0,-0.4444444444444444
26.0,-0.4222222222222222
27.0,-0.4
28.0,-0.37777777777777777
29.0,-0.35555555555555557
30.0,-0.3333333333333333
31.0,-0.3111111111111111
32.0,-0.28888888888888886
33.0,-0.26666666666666666
34.0,-0.24444444444444444
35.0,-0.2222222222222222
36.0,-0.2
37.0,-0.17777777777777778
38.0,-0.15555555555555556
39.0,-0.13333333333333333
40.0,-0.1111111111111111
41.0,-0.08888888888888889
42.0,-0.06666666666666667
43.0,-0.044444444444444446
44.0,-0.022222222222222223
45.0,0.0
46.0,0.022222222222222223
47.0,0.044444444444444446
48.0,0.06666666666666667
49.0,0.08888888888888889
50.0,0.1111111111111111
51.0,0.13333333333333333
52.0,0.15555555555555556
53.0,0.17777777777777778
54.0,0.2
55.0,0.2222222222222222
56.0,0.24444444444444444
57.0,0.26666666666666666
58.0,0.28888888888888886
59.0,0.3111111111111111
60.0,0.3333333333333333
61.0,0.35555555555555557
62.0,0.37777777777777777
63.0,0.4
64.0,0.4222222222222222
65.0,0.4444444444444444
66.0,0.4666666666666667
67.0,0.4888888888888889
68.0,0.5111111111111111
69.0,0.5333333333333333
70.0,0.5555555555555556
71.0,0.5777777777777777
72.0,0.6
73.0,0.6222222222222222
74.0,0.6444444444444445
75.0,0.6666666666666666
76.0,0.6888888888888889
77.0,0.7111111111111111
78.0,0.7333333333333333
79.0,0.7555555555555555
80.0,0.7777777777777778
81.0,0.8
82.0,0.8222222222222222
83.0,0.8444444444444444
84.0,0.8666666666666667
85.0,0.8888888888888888
86.0,0.9111111111111111
87.0,0.9333333333333333
88.0,0.9555555555555556
89.0,0.9777777777777777
90.0,1.0
